0.00912009 0.634868 0.0902225
0.00929981 0.528178 0.0555539
0.00948308 0.602195 0.0551952
0.00966995 0.540524 0.0478558
0.00986051 0.605682 0.0464664
0.0100548 0.633744 0.0437915
0.010253 0.542161 0.0376236
0.010455 0.596813 0.0366843
0.010661 0.57056 0.033378
0.0108711 0.541884 0.0301833
0.0110854 0.589667 0.0296037
0.0113038 0.555088 0.0269647
0.0115266 0.55557 0.0255558
0.0117537 0.542473 0.0239014
0.0119853 0.514704 0.0219636
0.0122215 0.51301 0.0208663
0.0124623 0.49944 0.0195824
0.0127079 0.505477 0.0186563
0.0129584 0.505748 0.0179117
0.0132137 0.516503 0.017229
0.0134741 0.524227 0.0165379
0.0137396 0.471782 0.0149351
0.0140104 0.488047 0.014538
0.0142865 0.486662 0.0139117
0.014568 0.463656 0.0129493
0.0148551 0.45023 0.0122526
0.0151478 0.451645 0.0117361
0.0154463 0.454239 0.0112379
0.0157507 0.443453 0.00979291
0.0160611 0.445422 0.00942414
0.0163776 0.440478 0.00892106
0.0167003 0.430698 0.00846616
0.0170294 0.421022 0.00799888
0.017365 0.414687 0.00759634
0.0177072 0.41533 0.00731113
0.0180562 0.404302 0.00688363
0.018412 0.389097 0.00646304
0.0187748 0.399955 0.0062862
0.0191448 0.372227 0.00580007
0.019522 0.367353 0.00552731
0.0199068 0.372185 0.00535309
0.020299 0.358881 0.00502529
0.0206991 0.344889 0.0047243
0.0211069 0.334474 0.00445171
0.0215229 0.327047 0.00424003
0.021947 0.312663 0.00397915
0.0223795 0.304578 0.00376956
0.0228205 0.285058 0.00349546
0.0232702 0.281017 0.00334246
0.0237288 0.268058 0.00314402
0.0241964 0.243412 0.00287788
0.0246732 0.232669 0.00271209
0.0251594 0.219502 0.00253864
0.0256552 0.19942 0.00233051
0.0261608 0.186593 0.00218157
0.0266763 0.166423 0.00203169
0.027202 0.150017 0.00185904
0.027738 0.133529 0.00169201
0.0282847 0.116316 0.0015243
0.028842 0.103429 0.0013887
0.0294104 0.084767 0.00120986
0.02999 0.0731423 0.0010272
0.030581 0.0605615 0.00089934
0.0311836 0.0486009 0.000776659
0.0317981 0.0380866 0.000662305
0.0324247 0.0299607 0.000568586
0.0330637 0.0219645 0.000472177
0.0337152 0.0161337 0.000389612
0.0343796 0.0111994 0.000313662
0.0350571 0.0077021 0.000251585
0.035748 0.00498399 0.000196941
0.0364524 0.00327145 0.000154577
0.0371707 0.00222053 0.000122351
0.0379032 0.0018184 0.00010712
0.0386502 0.00184008 0.000104109
0.0394118 0.00219825 0.000109807
0.0401885 0.00287495 0.000121806
0.0409804 0.00318411 0.000123363
0.041788 0.00398796 0.000133604
0.0426115 0.00460749 0.000138915
0.0434512 0.00480448 0.000136715
0.0443074 0.0055394 0.000142894
0.0451806 0.00598334 0.00014371
0.0460709 0.00596529 0.000138984
0.0469788 0.00611294 0.000136431
0.0479045 0.00554744 0.000125697
0.0488486 0.00564525 0.000123528
0.0498112 0.00501913 0.000112813
0.0507928 0.00463394 0.000105879
0.0517937 0.00394875 9.46663e-05
0.0528143 0.00342647 8.60332e-05
0.0538551 0.00296167 7.75458e-05
0.0549164 0.00254728 7.00619e-05
0.0559986 0.0021106 6.24169e-05
0.0571021 0.00156893 5.24696e-05
0.0582273 0.00121738 4.51066e-05
0.0593748 0.000909128 3.83321e-05
0.0605448 0.000763684 3.42954e-05
0.0617379 0.000585554 2.93199e-05
0.0629545 0.000438188 2.47085e-05
0.0641951 0.000434878 2.43057e-05
0.0654602 0.000339782 2.10432e-05
0.0667501 0.000400657 2.23354e-05
0.0680655 0.000403398 2.19192e-05
0.0694068 0.000447766 2.24246e-05
0.0707746 0.00043375 2.16347e-05
0.0721693 0.000442151 2.1169e-05
0.0735914 0.000439221 2.05386e-05
0.0750417 0.000417088 1.95248e-05
0.0765204 0.000386951 1.8311e-05
0.0780284 0.000370074 1.73439e-05
0.079566 0.000291919 1.51208e-05
0.0811339 0.000258378 1.38309e-05
0.0827328 0.000237393 1.29285e-05
0.0843631 0.000201639 1.15641e-05
0.0860256 0.000182757 1.07778e-05
0.0877208 0.000146411 9.33476e-06
0.0894494 0.000137709 8.85089e-06
0.0912121 0.0001261 8.2739e-06
0.0930096 0.000141699 8.58337e-06
0.0948424 0.000124505 7.86127e-06
0.0967114 0.000115329 7.37106e-06
0.0986172 0.000112817 7.11249e-06
0.100561 8.72265e-05 6.13759e-06
0.102542 7.16076e-05 5.40662e-06
0.104563 6.27538e-05 4.99862e-06
0.106623 5.58714e-05 4.73168e-06
0.108725 4.17432e-05 4.01301e-06
0.110867 3.61292e-05 3.75091e-06
0.113052 3.42319e-05 3.5852e-06
0.11528 4.29986e-05 4.06741e-06
0.117551 5.41493e-05 4.51703e-06
0.119868 6.05392e-05 4.69872e-06
0.12223 4.86145e-05 4.24982e-06
0.124639 4.4596e-05 4.05555e-06
0.127095 4.67299e-05 4.13807e-06
0.129599 3.41443e-05 3.47201e-06
0.132153 3.05304e-05 3.24429e-06
0.134758 2.25823e-05 2.774e-06
0.137413 1.5191e-05 2.23691e-06
0.140121 1.45579e-05 2.14609e-06
0.142882 1.61498e-05 2.25929e-06
0.145698 1.99345e-05 2.47431e-06
0.148569 2.03457e-05 2.50012e-06
0.151497 2.42672e-05 2.70295e-06
0.154482 2.12691e-05 2.50793e-06
0.157526 1.85277e-05 2.32165e-06
0.160631 1.49349e-05 2.04935e-06
0.163796 1.21387e-05 1.87876e-06
0.167024 1.1289e-05 1.76795e-06
0.170315 9.16124e-06 1.60096e-06
0.173672 1.03667e-05 1.68193e-06
0.177094 1.43994e-05 2.01997e-06
0.180584 1.26496e-05 1.88897e-06
0.184142 1.46409e-05 2.02164e-06
0.187771 1.22083e-05 1.83441e-06
0.191471 1.04146e-05 1.69895e-06
0.195245 8.1332e-06 1.52266e-06
0.199092 9.82912e-06 1.68992e-06
0.203015 1.24171e-05 1.93972e-06
0.207016 8.39866e-06 1.67149e-06
0.211095 1.20521e-05 2.04447e-06
0.215255 9.49143e-06 1.85886e-06
0.219497 1.10227e-05 2.16406e-06
0.223823 7.21663e-06 1.76967e-06
0.228233 8.49856e-06 2.00209e-06
0.232731 8.59622e-06 2.07914e-06
0.237317 6.22058e-06 1.83992e-06
0.241994 6.06258e-06 1.86582e-06
0.246763 6.03202e-06 1.93619e-06
0.251625 5.68208e-06 1.93681e-06
0.256584 7.16857e-06 2.2978e-06
0.26164 5.97745e-06 2.17242e-06
0.266796 7.47043e-06 2.62255e-06
0.272054 6.94514e-06 2.55547e-06
0.277415 1.36441e-05 3.55467e-06
0.282881 1.06897e-05 3.22622e-06
0.288456 4.27738e-06 2.0793e-06
0.29414 4.55671e-06 2.342e-06
0.299937 1.02417e-05 3.48055e-06
0.305847 6.91565e-06 2.88439e-06
0.311874 8.08898e-06 3.31175e-06
0.31802 3.5414e-06 2.2458e-06
0.324287 6.25944e-06 2.95835e-06
0.330677 6.21397e-06 2.98012e-06
0.335013 1.23687e-05 7.65384e-06
