#      z (A)        rho (1e-6/A2)       irho (1e-6/A2)
-10.00000000  -0.46200000   0.00000000
  0.00000000  -0.46200000   0.00000000
  0.00000000   0.09750506   0.00000000
 13.72590810   0.09750506   0.00000000
 13.72590810   5.80809537   0.00000000
 46.49135383   5.80809537   0.00000000
 46.49135383  12.62793166   0.00000000
236.35740758  12.62793166   0.00000000
236.35740758   3.47000000   0.00000000
255.84096994   3.47000000   0.00000000
255.84096994   2.07370574   0.00002376
265.84096994   2.07370574   0.00002376
