265.88606633672475 -0.46197519
265.38606633672475 -0.46194665
264.88606633672475 -0.46188758
264.38606633672475 -0.46176953
263.88606633672475 -0.46154218
263.38606633672475 -0.46112053
262.88606633672475 -0.46036777
262.38606633672475 -0.45907448
261.88606633672475 -0.45693642
261.38606633672475 -0.45353554
260.88606633672475 -0.4483309
260.38606633672475 -0.44066773
259.88606633672475 -0.4298126
259.38606633672475 -0.41501925
258.88606633672475 -0.39562378
258.38606633672475 -0.37115932
257.88606633672475 -0.34147187
257.38606633672475 -0.30681304
256.88606633672475 -0.26788485
256.38606633672475 -0.22581859
255.88606633672475 -0.18208197
255.38606633672475 -0.13832553
254.88606633672475 -0.09619302
254.38606633672475 -0.05712989
253.88606633672475 -0.02222292
253.38606633672475 0.00790473
252.88606633672475 0.03313422
252.38606633672475 0.05383495
251.88606633672475 0.07081222
251.38606633672475 0.08524495
250.88606633672475 0.09863806
250.38606633672475 0.11280588
249.88606633672475 0.12989064
249.38606633672475 0.15240733
248.88606633672475 0.18329504
248.38606633672475 0.22594771
247.88606633672475 0.2841944
247.38606633672475 0.36220233
246.88606633672475 0.46428432
246.38606633672475 0.59460606
245.88606633672475 0.75680667
245.38606633672475 0.9535656
244.88606633672475 1.18616673
244.38606633672475 1.45412303
243.88606633672475 1.75492704
243.38606633672475 2.08398361
242.88606633672475 2.43475902
242.38606633672475 2.79915038
241.88606633672475 3.16804399
241.38606633672475 3.53200005
240.88606633672475 3.88197893
240.38606633672475 4.21001712
239.88606633672475 4.50976956
239.38606633672475 4.77685826
238.88606633672475 5.00899939
238.38606633672475 5.20591535
237.88606633672475 5.36906844
237.38606633672475 5.50127313
236.88606633672475 5.60625187
236.38606633672475 5.68819607
235.88606633672475 5.7513806
235.38606633672475 5.79986289
234.88606633672475 5.83727885
234.38606633672475 5.86673214
233.88606633672475 5.89076206
233.38606633672475 5.9113697
232.88606633672475 5.93008091
232.38606633672475 5.94802705
231.88606633672475 5.9660289
231.38606633672475 5.98467399
230.88606633672475 6.00438219
230.38606633672475 6.02545758
229.88606633672475 6.04812732
229.38606633672475 6.07256928
228.88606633672475 6.0989307
228.38606633672475 6.12734024
227.88606633672475 6.15791535
227.38606633672475 6.19076639
226.88606633672475 6.22599882
226.38606633672475 6.2637141
225.88606633672475 6.30400973
225.38606633672475 6.34697898
224.88606633672475 6.39271034
224.38606633672475 6.44128672
223.88606633672475 6.49278476
223.38606633672475 6.54727395
222.88606633672475 6.60481582
222.38606633672475 6.66546315
221.88606633672475 6.72925914
221.38606633672475 6.79623666
220.88606633672475 6.86641752
220.38606633672475 6.93981183
219.88606633672475 7.01641734
219.38606633672475 7.09621895
218.88606633672475 7.17918822
218.38606633672475 7.26528301
217.88606633672475 7.3544472
217.38606633672475 7.4466105
216.88606633672475 7.54168841
216.38606633672475 7.6395822
215.88606633672475 7.74017913
215.38606633672475 7.84335265
214.88606633672475 7.94896282
214.38606633672475 8.05685681
213.88606633672475 8.1668695
213.38606633672475 8.27882417
212.88606633672475 8.3925334
212.38606633672475 8.50779991
211.88606633672475 8.62441765
211.38606633672475 8.74217284
210.88606633672475 8.86084516
210.38606633672475 8.98020903
209.88606633672475 9.10003481
209.38606633672475 9.22009019
208.88606633672475 9.34014153
208.38606633672475 9.45995521
207.88606633672475 9.57929897
207.38606633672475 9.69794332
206.88606633672475 9.81566281
206.38606633672475 9.93223734
205.88606633672475 10.04745339
205.38606633672475 10.16110517
204.88606633672475 10.27299576
204.38606633672475 10.38293805
203.88606633672475 10.49075575
203.38606633672475 10.59628413
202.88606633672475 10.6993708
202.38606633672475 10.79987627
201.88606633672475 10.89767448
201.38606633672475 10.99265315
200.88606633672475 11.08471406
200.38606633672475 11.17377319
199.88606633672475 11.25976074
199.38606633672475 11.34262108
198.88606633672475 11.42231255
198.38606633672475 11.49880718
197.88606633672475 11.57209031
197.38606633672475 11.64216015
196.88606633672475 11.70902721
196.38606633672475 11.77271369
195.88606633672475 11.83325284
195.38606633672475 11.8906882
194.88606633672475 11.94507286
194.38606633672475 11.99646863
193.88606633672475 12.04494526
193.38606633672475 12.09057956
192.88606633672475 12.13345458
192.38606633672475 12.17365877
191.88606633672475 12.21128513
191.38606633672475 12.24643043
190.88606633672475 12.27919437
190.38606633672475 12.30967887
189.88606633672475 12.33798731
189.38606633672475 12.36422387
188.88606633672475 12.38849286
188.38606633672475 12.41089815
187.88606633672475 12.4315426
187.38606633672475 12.45052759
186.88606633672475 12.46795252
186.38606633672475 12.48391447
185.88606633672475 12.49850781
185.38606633672475 12.51182392
184.88606633672475 12.52395095
184.38606633672475 12.53497357
183.88606633672475 12.54497288
183.38606633672475 12.55402621
182.88606633672475 12.56220711
182.38606633672475 12.56958527
181.88606633672475 12.57622651
181.38606633672475 12.58219278
180.88606633672475 12.58754227
180.38606633672475 12.59232939
179.88606633672475 12.59660494
179.38606633672475 12.60041614
178.88606633672475 12.60380682
178.38606633672475 12.6068175
177.88606633672475 12.60948558
177.38606633672475 12.61184543
176.88606633672475 12.6139286
176.38606633672475 12.61576395
175.88606633672475 12.61737782
175.38606633672475 12.61879417
174.88606633672475 12.62003476
174.38606633672475 12.62111928
173.88606633672475 12.62206552
173.38606633672475 12.62288951
172.88606633672475 12.62360564
172.38606633672475 12.62422682
171.88606633672475 12.6247646
171.38606633672475 12.62522926
170.88606633672475 12.62562996
170.38606633672475 12.62597484
169.88606633672475 12.62627109
169.38606633672475 12.62652508
168.88606633672475 12.6267424
168.38606633672475 12.626928
167.88606633672475 12.6270862
167.38606633672475 12.62722077
166.88606633672475 12.62733502
166.38606633672475 12.62743184
165.88606633672475 12.62751372
165.38606633672475 12.62758283
164.88606633672475 12.62764105
164.38606633672475 12.62769001
163.88606633672475 12.62773109
163.38606633672475 12.62776549
162.88606633672475 12.62779425
162.38606633672475 12.62781825
161.88606633672475 12.62783822
161.38606633672475 12.62785483
160.88606633672475 12.6278686
160.38606633672475 12.62787999
159.88606633672475 12.62788941
159.38606633672475 12.62789718
158.88606633672475 12.62790357
158.38606633672475 12.62790882
157.88606633672475 12.62791312
157.38606633672475 12.62791664
156.88606633672475 12.62791952
156.38606633672475 12.62792186
155.88606633672475 12.62792376
155.38606633672475 12.62792531
154.88606633672475 12.62792657
154.38606633672475 12.62792758
153.88606633672475 12.6279284
153.38606633672475 12.62792906
152.88606633672475 12.62792959
152.38606633672475 12.62793001
151.88606633672475 12.62793035
151.38606633672475 12.62793062
150.88606633672475 12.62793084
150.38606633672475 12.62793101
149.88606633672475 12.62793115
149.38606633672475 12.62793126
148.88606633672475 12.62793135
148.38606633672475 12.62793141
147.88606633672475 12.62793147
147.38606633672475 12.62793151
146.88606633672475 12.62793154
146.38606633672475 12.62793157
145.88606633672475 12.62793159
145.38606633672475 12.62793161
144.88606633672475 12.62793162
144.38606633672475 12.62793163
143.88606633672475 12.62793164
143.38606633672475 12.62793164
142.88606633672475 12.62793165
142.38606633672475 12.62793165
141.88606633672475 12.62793165
141.38606633672475 12.62793165
140.88606633672475 12.62793166
140.38606633672475 12.62793166
139.88606633672475 12.62793166
139.38606633672475 12.62793166
138.88606633672475 12.62793166
138.38606633672475 12.62793166
137.88606633672475 12.62793166
137.38606633672475 12.62793166
136.88606633672475 12.62793166
136.38606633672475 12.62793166
135.88606633672475 12.62793166
135.38606633672475 12.62793166
134.88606633672475 12.62793166
134.38606633672475 12.62793166
133.88606633672475 12.62793166
133.38606633672475 12.62793166
132.88606633672475 12.62793166
132.38606633672475 12.62793166
131.88606633672475 12.62793166
131.38606633672475 12.62793166
130.88606633672475 12.62793166
130.38606633672475 12.62793166
129.88606633672475 12.62793166
129.38606633672475 12.62793166
128.88606633672475 12.62793166
128.38606633672475 12.62793166
127.88606633672475 12.62793166
127.38606633672475 12.62793166
126.88606633672475 12.62793166
126.38606633672475 12.62793166
125.88606633672475 12.62793166
125.38606633672475 12.62793166
124.88606633672475 12.62793166
124.38606633672475 12.62793166
123.88606633672475 12.62793166
123.38606633672475 12.62793166
122.88606633672475 12.62793166
122.38606633672475 12.62793166
121.88606633672475 12.62793166
121.38606633672475 12.62793166
120.88606633672475 12.62793166
120.38606633672475 12.62793166
119.88606633672475 12.62793166
119.38606633672475 12.62793166
118.88606633672475 12.62793166
118.38606633672475 12.62793166
117.88606633672475 12.62793166
117.38606633672475 12.62793166
116.88606633672475 12.62793166
116.38606633672475 12.62793166
115.88606633672475 12.62793166
115.38606633672475 12.62793166
114.88606633672475 12.62793166
114.38606633672475 12.62793166
113.88606633672475 12.62793166
113.38606633672475 12.62793166
112.88606633672475 12.62793166
112.38606633672475 12.62793166
111.88606633672475 12.62793166
111.38606633672475 12.62793166
110.88606633672475 12.62793166
110.38606633672475 12.62793166
109.88606633672475 12.62793166
109.38606633672475 12.62793166
108.88606633672475 12.62793166
108.38606633672475 12.62793166
107.88606633672475 12.62793166
107.38606633672475 12.62793166
106.88606633672475 12.62793166
106.38606633672475 12.62793166
105.88606633672475 12.62793166
105.38606633672475 12.62793166
104.88606633672475 12.62793166
104.38606633672475 12.62793166
103.88606633672475 12.62793166
103.38606633672475 12.62793166
102.88606633672475 12.62793166
102.38606633672475 12.62793166
101.88606633672475 12.62793166
101.38606633672475 12.62793166
100.88606633672475 12.62793166
100.38606633672475 12.62793166
99.88606633672475 12.62793166
99.38606633672475 12.62793166
98.88606633672475 12.62793166
98.38606633672475 12.62793166
97.88606633672475 12.62793166
97.38606633672475 12.62793166
96.88606633672475 12.62793166
96.38606633672475 12.62793166
95.88606633672475 12.62793166
95.38606633672475 12.62793166
94.88606633672475 12.62793166
94.38606633672475 12.62793166
93.88606633672475 12.62793166
93.38606633672475 12.62793166
92.88606633672475 12.62793166
92.38606633672475 12.62793166
91.88606633672475 12.62793166
91.38606633672475 12.62793166
90.88606633672475 12.62793166
90.38606633672475 12.62793166
89.88606633672475 12.62793166
89.38606633672475 12.62793166
88.88606633672475 12.62793166
88.38606633672475 12.62793166
87.88606633672475 12.62793166
87.38606633672475 12.62793166
86.88606633672475 12.62793166
86.38606633672475 12.62793166
85.88606633672475 12.62793166
85.38606633672475 12.62793166
84.88606633672475 12.62793166
84.38606633672475 12.62793166
83.88606633672475 12.62793166
83.38606633672475 12.62793166
82.88606633672475 12.62793166
82.38606633672475 12.62793166
81.88606633672475 12.62793166
81.38606633672475 12.62793166
80.88606633672475 12.62793166
80.38606633672475 12.62793166
79.88606633672475 12.62793166
79.38606633672475 12.62793166
78.88606633672475 12.62793166
78.38606633672475 12.62793166
77.88606633672475 12.62793166
77.38606633672475 12.62793166
76.88606633672475 12.62793166
76.38606633672475 12.62793166
75.88606633672475 12.62793166
75.38606633672475 12.62793166
74.88606633672475 12.62793166
74.38606633672475 12.62793166
73.88606633672475 12.62793166
73.38606633672475 12.62793166
72.88606633672475 12.62793166
72.38606633672475 12.62793166
71.88606633672475 12.62793166
71.38606633672475 12.62793166
70.88606633672475 12.62793166
70.38606633672475 12.62793166
69.88606633672475 12.62793166
69.38606633672475 12.62793166
68.88606633672475 12.62793166
68.38606633672475 12.62793166
67.88606633672475 12.62793166
67.38606633672475 12.62793166
66.88606633672475 12.62793166
66.38606633672475 12.62793166
65.88606633672475 12.62793166
65.38606633672475 12.62793166
64.88606633672475 12.62793166
64.38606633672475 12.62793166
63.88606633672475 12.62793166
63.38606633672475 12.62793166
62.88606633672475 12.62793166
62.38606633672475 12.62793166
61.88606633672475 12.62793166
61.38606633672475 12.62793166
60.88606633672475 12.62793166
60.38606633672475 12.62793166
59.88606633672475 12.62793166
59.38606633672475 12.62793166
58.88606633672475 12.62793166
58.38606633672475 12.62793166
57.88606633672475 12.62793166
57.38606633672475 12.62793166
56.88606633672475 12.62793166
56.38606633672475 12.62793165
55.88606633672475 12.62793165
55.38606633672475 12.62793164
54.88606633672475 12.62793163
54.38606633672475 12.62793162
53.88606633672475 12.62793159
53.38606633672475 12.62793154
52.88606633672475 12.62793148
52.38606633672475 12.62793137
51.88606633672475 12.6279312
51.38606633672475 12.62793094
50.88606633672475 12.62793053
50.38606633672475 12.62792991
49.88606633672475 12.62792898
49.38606633672475 12.62792756
48.88606633672475 12.62792545
48.38606633672475 12.6279223
47.88606633672475 12.62791764
47.38606633672475 12.62791081
46.88606633672475 12.62790085
46.38606633672475 12.62788642
45.88606633672475 12.62786568
45.38606633672475 12.62783604
44.88606633672475 12.62779398
44.38606633672475 12.62773471
43.88606633672475 12.62765173
43.38606633672475 12.62753635
42.88606633672475 12.62737701
42.38606633672475 12.62715842
41.88606633672475 12.62686059
41.38606633672475 12.62645752
40.88606633672475 12.62591572
40.38606633672475 12.62519235
39.88606633672475 12.62423305
39.38606633672475 12.62296947
38.88606633672475 12.62131632
38.38606633672475 12.61916806
37.88606633672475 12.61639527
37.38606633672475 12.61284049
36.88606633672475 12.60831393
36.38606633672475 12.6025888
35.88606633672475 12.59539657
35.38606633672475 12.58642221
34.88606633672475 12.57529968
34.38606633672475 12.5616077
33.88606633672475 12.54486639
33.38606633672475 12.52453467
32.88606633672475 12.50000905
32.38606633672475 12.47062394
31.886066336724753 12.43565392
31.386066336724753 12.39431819
30.886066336724753 12.34578747
30.386066336724753 12.28919365
29.886066336724753 12.22364213
29.386066336724753 12.14822714
28.886066336724753 12.06204964
28.386066336724753 11.96423781
27.886066336724753 11.85396963
27.386066336724753 11.73049713
26.886066336724753 11.59317149
26.386066336724753 11.44146846
25.886066336724753 11.27501294
25.386066336724753 11.09360203
24.886066336724753 10.89722535
24.386066336724753 10.68608186
23.886066336724753 10.46059214
23.386066336724753 10.22140539
22.886066336724753 9.96940063
22.386066336724753 9.70568147
21.886066336724753 9.43156453
21.386066336724753 9.14856131
20.886066336724753 8.85835412
20.386066336724753 8.56276651
19.886066336724753 8.26372906
19.386066336724753 7.9632417
18.886066336724753 7.66333363
18.386066336724753 7.36602238
17.886066336724753 7.07327309
17.386066336724753 6.78695972
16.886066336724753 6.50882917
16.386066336724753 6.24046961
15.886066336724753 5.98328394
15.386066336724753 5.73846905
14.886066336724753 5.50700136
14.386066336724753 5.28962881
13.886066336724753 5.08686924
13.386066336724753 4.89901465
12.886066336724753 4.72614094
12.386066336724753 4.56812204
11.886066336724753 4.42464745
11.386066336724753 4.29524192
10.886066336724753 4.17928578
10.386066336724753 4.0760343
9.886066336724753 3.98463465
9.386066336724753 3.90413865
8.886066336724753 3.83351034
8.386066336724753 3.77162763
7.8860663367247525 3.71727832
7.3860663367247525 3.66915232
6.8860663367247525 3.62583312
6.3860663367247525 3.5857937
5.8860663367247525 3.54740297
5.3860663367247525 3.50894954
4.8860663367247525 3.46868892
4.3860663367247525 3.42491724
3.8860663367247525 3.37607089
3.3860663367247525 3.32084548
2.8860663367247525 3.25832184
2.3860663367247525 3.18808185
1.8860663367247525 3.11029446
1.3860663367247525 3.02575334
0.8860663367247525 2.93585303
0.38606633672475255 2.84249889
-0.11393366327524745 2.74795699
-0.6139336632752475 2.65466076
-1.1139336632752475 2.56499872
-1.6139336632752475 2.48111177
-2.1139336632752475 2.4047262
-2.6139336632752475 2.33704247
-3.1139336632752475 2.27868968
-3.6139336632752475 2.2297448
-4.1139336632752475 2.18980587
-4.6139336632752475 2.15810206
-5.1139336632752475 2.13362044
-5.6139336632752475 2.11523075
-6.1139336632752475 2.10179353
-6.6139336632752475 2.0922427
-7.1139336632752475 2.08563925
-7.6139336632752475 2.08119807
-8.113933663275247 2.07829251
-8.613933663275247 2.07644338
-9.113933663275247 2.07529859
-9.613933663275247 2.07460912
