 Pair Coeffs

1   0.06600 3.50000 #   1   C   81  13      3.5 0.066       -0.12   14
2   0.06600 3.50000 #   2   CA  81  13      3.5 0.066       -0.12   1
3   0.07600 3.55000 #   3   CD  87  47      3.55    0.076       -0.115  2
4   0.10500 3.75000 #   4   CE  406 3       3.75    0.105       0.76    1
5   0.06600 3.50000 #   5   COH 99  13      3.5 0.066       0.145   1
6   0.06600 3.50000 #   6   COM 100 13      3.5 0.066       0.205   1
7   0.06600 3.50000 #   7   CT  80  13      3.5 0.066       -0.18   1
8   0.06600 3.50000 #   8   DCD 81  13      3.5 0.066       -0.12   10
9   0.06600 3.50000 #   9   DCT 80  13      3.5 0.066       -0.18   2
10  0.03000 2.50000 #   10  DH  85  46      2.5 0.03        0.06    26
11  0.03000 2.50000 #   11  H   85  46      2.5 0.03        0.06    34
12  0.01500 2.42000 #   12  HCE 410 46      2.42    0.015       0.06    2
13  0.03000 2.42000 #   13  HD  89  46      2.42    0.03        0.115   2
14  0.00000 0.00000 #   14  HO  97  7       0   0       0.418   2
15  0.17000 3.12000 #   15  OH  96  5       3.12    0.17        -0.683  2
16  0.21000 2.96000 #   16  OP  407 4       2.96    0.21        -0.43   1
17  0.17000 3.00000 #   17  OS  408 20      3   0.17        -0.33   1
18  0.00000 0.00000 #   18  WH  64  32
19  0.15210 3.15061 #   19  WO  63  31

 Bond Coeffs

1   134.0   1.529   #   1   C-C 13-13       268 1.529
2   158.5   1.510   #   2   C-CD    13-47       317 1.51
3   158.5   1.522   #   3   C-CE    3-13        317 1.522
4   134.0   1.529   #   4   C-CT    13-13       268 1.529
5   170.0   1.090   #   5   C-H 13-46       340 1.09
6   134.0   1.529   #   6   CA-COM  13-13       268 1.529
7   170.0   1.090   #   7   CA-HCE  13-46       340 1.09
8   160.0   1.410   #   8   CA-OS   13-20       320 1.41
9   274.5   1.340   #   9   CD-CD   47-47       549 1.34
10  170.0   1.080   #   10  CD-HD   46-47       340 1.08
11  285.0   1.229   #   11  CE-OP   3-4     570 1.229
12  107.0   1.327   #   12  CE-OS   3-20        214 1.327
13  134.0   1.529   #   13  COH-COM 13-13       268 1.529
14  170.0   1.090   #   14  COH-H   13-46       340 1.09
15  160.0   1.410   #   15  COH-OH  5-13        320 1.41
16  170.0   1.090   #   16  COM-H   13-46       340 1.09
17  160.0   1.410   #   17  COM-OH  5-13        320 1.41
18  170.0   1.090   #   18  CT-H    13-46       340 1.09
19  134.0   1.529   #   19  DCD-DCD 13-13       268 1.529
20  134.0   1.529   #   20  DCD-DCT 13-13       268 1.529
21  170.0   1.090   #   21  DCD-DH  13-46       340 1.09
22  170.0   1.090   #   22  DCT-DH  13-46       340 1.09
23  276.5   0.945   #   23  HO-OH   5-7     553 0.945
24  300.0   0.957   #   24  WH-WO   31-32

 Angle Coeffs

1   29.175  112.7   #   1   C-C-C   13-13-13        58.35   112.7
2   31.500  111.1   #   2   C-C-CD  13-13-47        63  111.1
3   31.500  111.1   #   3   C-C-CE  3-13-13     63  111.1
4   29.175  112.7   #   4   C-C-CT  13-13-13        58.35   112.7
5   18.750  110.7   #   5   C-C-H   13-13-46        37.5    110.7
6   35.000  124.0   #   6   C-CD-CD 13-47-47        70  124
7   17.500  117.0   #   7   C-CD-HD 13-47-46        35  117
8   40.000  120.4   #   8   C-CE-OP 4-3-13      80  120.4
9   40.500  111.4   #   9   C-CE-OS 13-3-20     81  111.4
10  18.750  110.7   #   10  C-CT-H  13-13-46        37.5    110.7
11  29.175  112.7   #   11  CA-COM-COH  13-13-13        58.35   112.7
12  18.750  110.7   #   12  CA-COM-H    13-13-46        37.5    110.7
13  25.000  109.5   #   13  CA-COM-OH   5-13-13     50  109.5
14  41.500  116.9   #   14  CA-OS-CE    3-20-13     83  116.9
15  17.500  109.5   #   15  CD-C-H  46-13-47        35  109.5
16  17.500  120.0   #   16  CD-CD-HD    46-47-47        35  120
17  17.500  109.5   #   17  CE-C-H  3-13-46     35  109.5
18  18.750  110.7   #   18  COH-COM-H   13-13-46        37.5    110.7
19  25.000  109.5   #   19  COH-COM-OH  5-13-13     50  109.5
20  27.500  108.5   #   20  COH-OH-HO   7-5-13      55  108.5
21  18.750  110.7   #   21  COM-CA-HCE  13-13-46        37.5    110.7
22  25.000  109.5   #   22  COM-CA-OS   13-13-20        50  109.5
23  18.750  110.7   #   23  COM-COH-H   13-13-46        37.5    110.7
24  25.000  109.5   #   24  COM-COH-OH  5-13-13     50  109.5
25  27.500  108.5   #   25  COM-OH-HO   7-5-13      55  108.5
26  18.750  110.7   #   26  CT-C-H  13-13-46        37.5    110.7
27  29.175  112.7   #   27  DCD-DCD-DCD 13-13-13        58.35   112.7
28  29.175  112.7   #   28  DCD-DCD-DCT 13-13-13        58.35   112.7
29  18.750  110.7   #   29  DCD-DCD-DH  13-13-46        37.5    110.7
30  18.750  110.7   #   30  DCD-DCT-DH  13-13-46        37.5    110.7
31  18.750  110.7   #   31  DCT-DCD-DH  13-13-46        37.5    110.7
32  16.500  107.8   #   32  DH-DCD-DH   46-13-46        33  107.8
33  16.500  107.8   #   33  DH-DCT-DH   46-13-46        33  107.8
34  16.500  107.8   #   34  H-C-H   46-13-46        33  107.8
35  16.500  107.8   #   35  H-COH-H 46-13-46        33  107.8
36  17.500  109.5   #   36  H-COH-OH    5-13-46     35  109.5
37  17.500  109.5   #   37  H-COM-OH    5-13-46     35  109.5
38  16.500  107.8   #   38  H-CT-H  46-13-46        33  107.8
39  16.500  107.8   #   39  HCE-CA-HCE  46-13-46        33  107.8
40  17.500  109.5   #   40  HCE-CA-OS   20-13-46        35  109.5
41  41.500  123.4   #   41  OP-CE-OS    4-3-20      83  123.4
42  37.500  104.5   #   42  WH-WO-WH    32-31-32

 Dihedral Coeffs

1   1.300   -0.050  0.200   0.0 #   1   C-C-C-C 13-13-13-13         1.3 0   1   -0.05   180 2   0.2 0   3
2   1.300   -0.050  0.200   0.0 #   2   C-C-C-CD    13-13-13-47 Additional par      1.3 0   1   -0.05   180 2   0.2 0   3
3   -3.185  -0.825  0.493   0.0 #   3   C-C-C-CE    3-13-13-13  Carboxylate (2)     -3.185  0   1   -0.825  180 2   0.493   0   3
4   1.300   -0.050  0.200   0.0 #   4   C-C-C-CT    13-13-13-13         1.3 0   1   -0.05   180 2   0.2 0   3
5   0.000   0.000   0.300   0.0 #   5   C-C-C-H 13-13-13-46         0   0   1   0   180 2   0.3 0   3
6   0.346   0.405   -0.904  0.0 #   6   C-C-CD-CD   13-13-47-47         0.346   0   1   0.405   180 2   -0.904  0   3
7   0.000   0.000   0.468   0.0 #   7   C-C-CD-HD   13-13-47-46 0-13-47-46      0   0   1   0   180 2   0.468   0   3
8   0.000   0.546   0.000   0.0 #   8   C-C-CE-OP   4-3-13-13   Carboxylic (3)      0   0   1   0.546   180 2   0   0   3
9   0.000   0.000   -0.553  0.0 #   9   C-C-CE-OS   20-3-13-13          0   0   1   0   180 2   -0.553  0   3
10  0.000   0.000   0.300   0.0 #   10  C-C-CT-H    13-13-13-46         0   0   1   0   180 2   0.3 0   3
11  0.000   14.000  0.000   0.0 #   11  C-CD-CD-C   13-47-47-13         0   0   1   14  180 2   0   0   3
12  0.000   14.000  0.000   0.0 #   12  C-CD-CD-HD  13-47-47-46         0   0   1   14  180 2   0   0   3
13  4.669   5.124   0.000   0.0 #   13  C-CE-OS-CA  13-3-20-13          4.669   0   1   5.124   180 2   0   0   3
14  -0.356  -0.174  0.492   0.0 #   14  CA-COM-OH-HO    7-5-13-13   Alcohols (1)        -0.356  0   1   -0.174  180 2   0.492   0   3
15  0.000   0.000   0.366   0.0 #   15  CD-C-C-H    46-13-13-47         0   0   1   0   180 2   0.366   0   3
16  0.000   0.000   -0.100  0.0 #   16  CE-C-C-H    3-13-13-46  Carbonyl (1)        0   0   1   0   180 2   -0.1    0   3
17  -0.356  -0.174  0.492   0.0 #   17  COH-COM-OH-HO   7-5-13-13   Alcohols (1)        -0.356  0   1   -0.174  180 2   0.492   0   3
18  -1.220  -0.126  0.422   0.0 #   18  COM-CA-OS-CE    13-13-20-3          -1.22   0   1   -0.126  180 2   0.422   0   3
19  -0.356  -0.174  0.492   0.0 #   19  COM-COH-OH-HO   7-5-13-13   Alcohols (1)        -0.356  0   1   -0.174  180 2   0.492   0   3
20  0.000   0.000   0.300   0.0 #   20  CT-C-C-H    13-13-13-46         0   0   1   0   180 2   0.3 0   3
21  1.300   -0.050  0.200   0.0 #   21  DCD-DCD-DCD-DCD 13-13-13-13         1.3 0   1   -0.05   180 2   0.2 0   3
22  1.300   -0.050  0.200   0.0 #   22  DCD-DCD-DCD-DCT 13-13-13-13         1.3 0   1   -0.05   180 2   0.2 0   3
23  0.000   0.000   0.300   0.0 #   23  DCD-DCD-DCD-DH  13-13-13-46         0   0   1   0   180 2   0.3 0   3
24  0.000   0.000   0.300   0.0 #   24  DCD-DCD-DCT-DH  13-13-13-46         0   0   1   0   180 2   0.3 0   3
25  0.000   0.000   0.300   0.0 #   25  DCT-DCD-DCD-DH  13-13-13-46         0   0   1   0   180 2   0.3 0   3
26  0.000   0.000   0.300   0.0 #   26  DH-DCD-DCD-DH   46-13-13-46         0   0   1   0   180 2   0.3 0   3
27  0.000   0.000   0.300   0.0 #   27  DH-DCD-DCT-DH   46-13-13-46         0   0   1   0   180 2   0.3 0   3
28  0.000   0.000   0.300   0.0 #   28  H-C-C-H 46-13-13-46         0   0   1   0   180 2   0.3 0   3
29  0.000   0.000   -0.372  0.0 #   29  H-C-CD-CD   46-13-47-47         0   0   1   0   180 2   -0.372  0   3
30  0.000   0.000   0.318   0.0 #   30  H-C-CD-HD   46-13-47-46         0   0   1   0   180 2   0.318   0   3
31  0.000   0.000   0.000   0.0 #   31  H-C-CE-OP   4-3-13-46           0   0   1   0   180 2   0   0   3
32  0.000   0.000   0.132   0.0 #   32  H-C-CE-OS   20-3-13-46          0   0   1   0   180 2   0.132   0   3
33  0.000   0.000   0.300   0.0 #   33  H-C-CT-H    46-13-13-46         0   0   1   0   180 2   0.3 0   3
34  0.000   0.000   0.300   0.0 #   34  H-COH-COM-CA    13-13-13-46         0   0   1   0   180 2   0.3 0   3
35  0.000   0.000   0.300   0.0 #   35  H-COH-COM-H 46-13-13-46         0   0   1   0   180 2   0.3 0   3
36  0.000   0.000   0.468   0.0 #   36  H-COH-COM-OH    5-13-13-46          0   0   1   0   180 2   0.468   0   3
37  0.000   0.000   0.352   0.0 #   37  H-COH-OH-HO 7-5-13-46   Alcohols (1)        0   0   1   0   180 2   0.352   0   3
38  0.000   0.000   0.352   0.0 #   38  H-COM-OH-HO 7-5-13-46   Alcohols (1)        0   0   1   0   180 2   0.352   0   3
39  0.000   0.000   0.300   0.0 #   39  HCE-CA-COM-COH  13-13-13-46         0   0   1   0   180 2   0.3 0   3
40  0.000   0.000   0.300   0.0 #   40  HCE-CA-COM-H    46-13-13-46         0   0   1   0   180 2   0.3 0   3
41  0.000   0.000   0.468   0.0 #   41  HCE-CA-COM-OH   5-13-13-46          0   0   1   0   180 2   0.468   0   3
42  0.000   0.000   0.198   0.0 #   42  HCE-CA-OS-CE    46-13-20-3          0   0   1   0   180 2   0.198   0   3
43  0.000   14.000  0.000   0.0 #   43  HD-CD-CD-HD 46-47-47-46         0   0   1   14  180 2   0   0   3
44  -1.552  0.000   0.000   0.0 #   44  OH-COH-COM-CA   5-13-13-13          -1.552  0   1   0   180 2   0   0   3
45  0.000   0.000   0.468   0.0 #   45  OH-COH-COM-H    5-13-13-46          0   0   1   0   180 2   0.468   0   3
46  9.508   0.000   0.000   0.0 #   46  OH-COH-COM-OH   5-13-13-5   Diols (1)       9.508   0   1   0   180 2   0   0   3
47  0.000   5.124   0.000   0.0 #   47  OP-CE-OS-CA 4-3-20-13   Esters (1)      0   0   1   5.124   180 2   0   0   3
48  1.300   -0.050  0.200   0.0 #   48  OS-CA-COM-COH   13-13-13-20 Additional par      1.3 0   1   -0.05   180 2   0.2 0   3
49  0.000   0.000   0.468   0.0 #   49  OS-CA-COM-H 20-13-13-46         0   0   1   0   180 2   0.468   0   3
50  4.319   0.000   0.000   0.0 #   50  OS-CA-COM-OH    5-13-13-20          4.319   0   1   0   180 2   0   0   3
