0.00912009 1.00267 0.0974839
0.00929981 0.892288 0.0732635
0.00948308 1.06449 0.0736799
0.00966995 1.013 0.0655359
0.00986051 0.985582 0.060071
0.0100548 0.969933 0.0550473
0.010253 0.973694 0.0510055
0.010455 0.958347 0.0469245
0.010661 0.975914 0.0440801
0.0108711 0.945524 0.0404073
0.0110854 0.975744 0.0386664
0.0113038 0.860009 0.0338199
0.0115266 0.910118 0.0330747
0.0117537 0.991134 0.0326189
0.0119853 0.981514 0.0306356
0.0122215 0.967158 0.0289162
0.0124623 0.963955 0.0276539
0.0127079 0.912126 0.0253262
0.0129583 0.958913 0.0248593
0.0132137 0.967649 0.0237976
0.0134741 0.971937 0.022739
0.0137396 0.940532 0.0212976
0.0140104 0.920525 0.0201565
0.0142865 0.9516 0.0196803
0.014568 0.904811 0.0183018
0.0148551 0.707696 0.0155124
0.0151478 0.56196 0.013197
0.0154463 0.493694 0.0118165
0.0157507 0.456423 0.0100167
0.0160611 0.456784 0.00959692
0.0163776 0.40762 0.00863004
0.0167003 0.390735 0.00808107
0.0170294 0.386555 0.00770309
0.017365 0.373808 0.00722771
0.0177072 0.359948 0.00681168
0.0180561 0.35556 0.00645807
0.018412 0.349145 0.00615169
0.0187748 0.33815 0.00579527
0.0191448 0.338036 0.00554165
0.019522 0.329971 0.00526407
0.0199067 0.317971 0.00496323
0.020299 0.297411 0.00458386
0.020699 0.291469 0.00435748
0.0211069 0.280435 0.00409073
0.0215229 0.267485 0.00384256
0.021947 0.262602 0.00365686
0.0223795 0.248503 0.0034106
0.0228205 0.243062 0.00323713
0.0232702 0.226946 0.00300895
0.0237288 0.21977 0.00285439
0.0241964 0.204978 0.00264745
0.0246732 0.191181 0.00246418
0.0251594 0.181408 0.0023131
0.0256552 0.169961 0.00215793
0.0261608 0.155269 0.00199605
0.0266763 0.143431 0.00188277
0.027202 0.131528 0.00174267
0.027738 0.119716 0.00160401
0.0282846 0.107578 0.00147129
0.028842 0.0969781 0.00134799
0.0294104 0.0852595 0.0012184
0.02999 0.0746546 0.00104259
0.0305809 0.06438 0.000930713
0.0311836 0.0551459 0.00083059
0.0317981 0.0458273 0.000729942
0.0324247 0.0379469 0.000643379
0.0330637 0.0302159 0.000556278
0.0337152 0.0224195 0.000462094
0.0343796 0.01729 0.000391326
0.0350571 0.0127174 0.000326029
0.0357479 0.00848834 0.000257356
0.0364524 0.00567237 0.000203936
0.0371707 0.00343314 0.000153445
0.0379032 0.00184139 0.000108823
0.0386501 0.000969819 7.61214e-05
0.0394118 0.000420419 4.81633e-05
0.0401884 0.000352002 4.37086e-05
0.0409804 0.000530556 4.99051e-05
0.041788 0.000940422 6.40154e-05
0.0426114 0.00168485 8.38341e-05
0.0434511 0.00217479 9.21981e-05
0.0443074 0.00303854 0.000105302
0.0451805 0.00398807 0.000117213
0.0460709 0.00427169 0.000117191
0.0469787 0.00485499 0.000121663
0.0479045 0.00509638 0.00012051
0.0488485 0.00530075 0.000119448
0.0498111 0.00543963 0.000117404
0.0507927 0.00507278 0.000110805
0.0517936 0.00520678 0.000109442
0.0528143 0.00468478 0.000100978
0.0538551 0.00421586 9.3133e-05
0.0549163 0.00373811 8.53682e-05
0.0559985 0.00320751 7.72727e-05
0.057102 0.00268142 6.90956e-05
0.0582273 0.00209123 5.9202e-05
0.0593747 0.00157229 5.04631e-05
0.0605448 0.00111916 4.16875e-05
0.0617379 0.000744251 3.31453e-05
0.0629545 0.00047835 2.59569e-05
0.0641951 0.000351957 2.18508e-05
0.0654601 0.000210102 1.64531e-05
0.0667501 0.000217428 1.62911e-05
0.0680655 0.000287124 1.84545e-05
0.0694068 0.000366028 2.02506e-05
0.0707745 0.00043946 2.17617e-05
0.0721692 0.000526709 2.3136e-05
0.0735914 0.000617218 2.44617e-05
0.0750416 0.000668519 2.47224e-05
0.0765204 0.000622545 2.32787e-05
0.0780283 0.000639537 2.29724e-05
0.0795659 0.000558514 2.07822e-05
0.0811339 0.000503291 1.92393e-05
0.0827327 0.000413035 1.70105e-05
0.084363 0.000334796 1.49183e-05
0.0860255 0.000243595 1.23761e-05
0.0877207 0.000205661 1.11067e-05
0.0894494 0.000171146 9.82054e-06
0.0912121 0.00015167 9.06485e-06
0.0930095 0.000133643 8.29101e-06
0.0948424 0.000151426 8.60703e-06
0.0967113 0.000156217 8.52024e-06
0.0986171 0.000162888 8.52248e-06
0.10056 0.000149259 8.02571e-06
0.102542 0.000147624 7.87726e-06
0.104563 0.000136227 7.37817e-06
0.106623 0.000120233 6.86522e-06
0.108725 0.000107495 6.49175e-06
0.110867 7.30285e-05 5.25903e-06
0.113052 5.51158e-05 4.54483e-06
0.11528 5.40328e-05 4.43283e-06
0.117551 5.06489e-05 4.29926e-06
0.119868 6.5934e-05 4.94943e-06
0.12223 6.01769e-05 4.66841e-06
0.124639 8.0252e-05 5.46301e-06
0.127095 7.68157e-05 5.27901e-06
0.129599 5.27141e-05 4.32228e-06
0.132153 5.34472e-05 4.27607e-06
0.134757 4.2184e-05 3.77111e-06
0.137413 3.00784e-05 3.15641e-06
0.140121 2.5473e-05 2.85927e-06
0.142882 2.15518e-05 2.602e-06
0.145698 2.86298e-05 2.95068e-06
0.148569 3.0765e-05 3.04549e-06
0.151497 3.05501e-05 3.01851e-06
0.154482 2.72671e-05 2.80734e-06
0.157526 2.71089e-05 2.80258e-06
0.160631 2.44233e-05 2.63965e-06
0.163796 1.6166e-05 2.12179e-06
0.167024 1.36162e-05 1.92014e-06
0.170315 1.38113e-05 1.96096e-06
0.173671 1.32255e-05 1.89264e-06
0.177094 1.41206e-05 2.00841e-06
0.180584 1.91879e-05 2.31611e-06
0.184142 1.61289e-05 2.11863e-06
0.187771 1.57604e-05 2.08464e-06
0.191471 1.16551e-05 1.80988e-06
0.195244 1.10736e-05 1.78278e-06
0.199092 9.96106e-06 1.70726e-06
0.203015 8.41636e-06 1.59619e-06
0.207016 1.0514e-05 1.901e-06
0.211095 1.3221e-05 2.15253e-06
0.215255 9.1444e-06 1.86056e-06
0.219497 8.30623e-06 1.82898e-06
0.223822 5.84699e-06 1.59647e-06
0.228233 7.28595e-06 1.84308e-06
0.232731 6.65765e-06 1.86135e-06
0.237317 7.61693e-06 2.13258e-06
0.241993 4.40733e-06 1.6203e-06
0.246762 5.52459e-06 1.85889e-06
0.251625 1.01475e-05 2.63725e-06
0.256583 6.36998e-06 2.10908e-06
0.26164 1.3109e-05 3.18134e-06
0.266796 7.8278e-06 2.53369e-06
0.272053 1.09385e-05 3.14107e-06
0.277414 3.38513e-06 1.73392e-06
0.282881 8.13477e-06 2.84129e-06
0.288455 8.41356e-06 3.0615e-06
0.29414 2.14281e-06 1.51542e-06
0.299936 7.59786e-06 2.94469e-06
0.305847 6.29793e-06 2.76047e-06
0.311874 1.46604e-06 1.3882e-06
0.31802 2.38301e-06 1.78534e-06
0.324287 9.47267e-06 3.66494e-06
0.330677 2.17948e-06 1.78863e-06
