4.159999999999999636e-03 4.766030648899357014e-01
4.490000000000000067e-03 4.764737220070418000e-01
4.850000000000000144e-03 4.763338216258147240e-01
5.239999999999999866e-03 4.761574105318995831e-01
5.660000000000000100e-03 4.759609246054198328e-01
6.109999999999999980e-03 4.757217162118017595e-01
6.599999999999999964e-03 4.754563724697090654e-01
7.130000000000000053e-03 4.751344296927866306e-01
7.700000000000000247e-03 4.747611097251720480e-01
8.319999999999999271e-03 4.743321628532067846e-01
8.980000000000000135e-03 4.738541299402699858e-01
9.700000000000000289e-03 4.732668115482137061e-01
1.047999999999999973e-02 4.725799517808024763e-01
1.131000000000000061e-02 4.718042534032622637e-01
1.221999999999999996e-02 4.708841777146942076e-01
1.319999999999999993e-02 4.698270855379992339e-01
1.425000000000000051e-02 4.685957269291174954e-01
1.538999999999999917e-02 4.671381990240051074e-01
1.661999999999999936e-02 4.654417893112161586e-01
1.795000000000000068e-02 4.635759646894735964e-01
1.939000000000000098e-02 4.613263326561930500e-01
2.094000000000000028e-02 4.587224733796094189e-01
2.262000000000000122e-02 4.556266805083812876e-01
2.443000000000000033e-02 4.521541377502970027e-01
2.638000000000000067e-02 4.481494052924530624e-01
2.849000000000000143e-02 4.436324212328072170e-01
3.076999999999999874e-02 4.380528821522824967e-01
3.323000000000000259e-02 4.318990394638267949e-01
3.588999999999999829e-02 4.248157235796892195e-01
3.876000000000000278e-02 4.167235334273534653e-01
4.186000000000000137e-02 4.074358553655514359e-01
4.521000000000000019e-02 3.968525634772019917e-01
4.882999999999999841e-02 3.846598301591926949e-01
5.272999999999999909e-02 3.711160945751750262e-01
5.695000000000000062e-02 3.558874885532306021e-01
6.151000000000000217e-02 3.388876387385308386e-01
6.643000000000000294e-02 3.200906421440190552e-01
7.173999999999999821e-02 2.994877273885833691e-01
7.747999999999999332e-02 2.770910094330059081e-01
8.368000000000000438e-02 2.530596351289843837e-01
9.037000000000000588e-02 2.276896530450622513e-01
9.760000000000000620e-02 2.013168814213062707e-01
1.054100000000000037e-01 1.744807176028054518e-01
1.138500000000000068e-01 1.478156650781176085e-01
1.229500000000000037e-01 1.221659715043665884e-01
1.327899999999999914e-01 9.825342238875785228e-02
1.434100000000000097e-01 7.694282245076304594e-02
1.548899999999999999e-01 5.884796319395165648e-02
1.672800000000000120e-01 4.442119211866333434e-02
1.806599999999999873e-01 3.368295747348537539e-02
1.951100000000000056e-01 2.627138187915278172e-02
2.107199999999999906e-01 2.147285210686845913e-02
2.275800000000000045e-01 1.839919442834399288e-02
2.457799999999999985e-01 1.624448616840912935e-02
2.654500000000000193e-01 1.451825990641757852e-02
2.866799999999999904e-01 1.313084777314338716e-02
3.096200000000000063e-01 1.211518933704937295e-02
3.343900000000000206e-01 1.179003318063100332e-02
3.611400000000000166e-01 1.175808138994402507e-02
3.900299999999999878e-01 1.169064772773117065e-02
4.212299999999999933e-01 1.149207058306933420e-02
4.549300000000000010e-01 1.130897929595937185e-02
4.913199999999999790e-01 1.121179962016942248e-02
5.306300000000000461e-01 1.111388486532597156e-02
5.730800000000000338e-01 1.102670081016098209e-02
6.189200000000000257e-01 1.101145323347839551e-02
6.684400000000000341e-01 1.099591008298963883e-02
7.219100000000000517e-01 1.097051612861569408e-02
7.748399999999999732e-01 1.095574904374905546e-02
