4.159999999999999636e-03 1.819661333631336531e+00
4.490000000000000067e-03 1.818557611949790820e+00
4.850000000000000144e-03 1.817353126133318009e+00
5.239999999999999866e-03 1.815833325028325174e+00
5.660000000000000100e-03 1.814135369141645748e+00
6.109999999999999980e-03 1.812103644353896925e+00
6.599999999999999964e-03 1.809763418153039982e+00
7.130000000000000053e-03 1.807030708669338681e+00
7.700000000000000247e-03 1.803856689835497740e+00
8.319999999999999271e-03 1.800131822483768795e+00
8.980000000000000135e-03 1.795870278958077382e+00
9.700000000000000289e-03 1.791006986796590095e+00
1.047999999999999973e-02 1.785202139769108687e+00
1.131000000000000061e-02 1.778428408633433877e+00
1.221999999999999996e-02 1.770672205419874690e+00
1.319999999999999993e-02 1.761690290436509709e+00
1.425000000000000051e-02 1.751269386404149531e+00
1.538999999999999917e-02 1.738902233025310773e+00
1.661999999999999936e-02 1.725285473700998828e+00
1.795000000000000068e-02 1.709027123915126012e+00
1.939000000000000098e-02 1.690326799626060028e+00
2.094000000000000028e-02 1.668741897009635933e+00
2.262000000000000122e-02 1.643246491434286138e+00
2.443000000000000033e-02 1.614944195503748015e+00
2.638000000000000067e-02 1.582563707962069355e+00
2.849000000000000143e-02 1.546314468061036562e+00
3.076999999999999874e-02 1.502246783012684883e+00
3.323000000000000259e-02 1.454255481437809472e+00
3.588999999999999829e-02 1.400070885382223906e+00
3.876000000000000278e-02 1.339117290087154410e+00
4.186000000000000137e-02 1.271147833627769730e+00
4.521000000000000019e-02 1.195703510974958084e+00
4.882999999999999841e-02 1.108799345626337196e+00
5.272999999999999909e-02 1.021397338927917176e+00
5.695000000000000062e-02 9.248236924915740342e-01
6.151000000000000217e-02 8.227256271165637180e-01
6.643000000000000294e-02 7.167804630080423234e-01
7.173999999999999821e-02 6.091586997843982942e-01
7.747999999999999332e-02 5.023900064573200153e-01
8.368000000000000438e-02 3.998033985167084303e-01
9.037000000000000588e-02 3.050340575584679637e-01
9.760000000000000620e-02 2.213988232549061463e-01
1.054100000000000037e-01 1.519244300593390329e-01
1.138500000000000068e-01 9.852640101961800123e-02
1.229500000000000037e-01 6.167884268541282133e-02
1.327899999999999914e-01 3.969319655090246257e-02
1.434100000000000097e-01 2.936580095133679152e-02
1.548899999999999999e-01 2.625321163482661341e-02
1.672800000000000120e-01 2.600210717543862543e-02
1.806599999999999873e-01 2.552573615338430552e-02
1.951100000000000056e-01 2.379169696006372403e-02
2.107199999999999906e-01 2.149558588166728193e-02
2.275800000000000045e-01 1.978363299380479778e-02
2.457799999999999985e-01 1.896060399778988492e-02
2.654500000000000193e-01 1.839260272146948233e-02
2.866799999999999904e-01 1.761089933058186327e-02
3.096200000000000063e-01 1.691664989653826959e-02
3.343900000000000206e-01 1.688744255531083108e-02
3.611400000000000166e-01 1.688551677537119752e-02
3.900299999999999878e-01 1.658965069727401376e-02
4.212299999999999933e-01 1.643934243508254900e-02
4.549300000000000010e-01 1.642925448217294124e-02
4.913199999999999790e-01 1.634803335516017697e-02
5.306300000000000461e-01 1.632713241529504949e-02
5.730800000000000338e-01 1.627074475818899441e-02
6.189200000000000257e-01 1.627003015688469056e-02
6.684400000000000341e-01 1.624057835328008084e-02
7.219100000000000517e-01 1.623549030236491955e-02
7.748399999999999732e-01 1.622508609473186439e-02
