4.159999999999999636e-03 3.323175869094107338e+00
4.490000000000000067e-03 3.321173037648593063e+00
4.850000000000000144e-03 3.318877204993325059e+00
5.239999999999999866e-03 3.316124659023324206e+00
5.660000000000000100e-03 3.312966034448653119e+00
6.109999999999999980e-03 3.309273738658819575e+00
6.599999999999999964e-03 3.305055496135128834e+00
7.130000000000000053e-03 3.299988854517222236e+00
7.700000000000000247e-03 3.294373482574235901e+00
8.319999999999999271e-03 3.287348438066062251e+00
8.980000000000000135e-03 3.279727738809956161e+00
9.700000000000000289e-03 3.270593120082335936e+00
1.047999999999999973e-02 3.259892235058105214e+00
1.131000000000000061e-02 3.247444079438461806e+00
1.221999999999999996e-02 3.233139547007583658e+00
1.319999999999999993e-02 3.216625524025642946e+00
1.425000000000000051e-02 3.197407666607927634e+00
1.538999999999999917e-02 3.174711009081049085e+00
1.661999999999999936e-02 3.148995371078133321e+00
1.795000000000000068e-02 3.119939000728518153e+00
1.939000000000000098e-02 3.085505541649721906e+00
2.094000000000000028e-02 3.045897419124552030e+00
2.262000000000000122e-02 2.999031555267387184e+00
2.443000000000000033e-02 2.946903302272803504e+00
2.638000000000000067e-02 2.887431159003629677e+00
2.849000000000000143e-02 2.820838560057494337e+00
3.076999999999999874e-02 2.739827103658073693e+00
3.323000000000000259e-02 2.651676541544834897e+00
3.588999999999999829e-02 2.551998678052504577e+00
3.876000000000000278e-02 2.440206855558818333e+00
4.186000000000000137e-02 2.315157220734266552e+00
4.521000000000000019e-02 2.176499932879270016e+00
4.882999999999999841e-02 2.016721075818920905e+00
5.272999999999999909e-02 1.856221805253224666e+00
5.695000000000000062e-02 1.678760341334621486e+00
6.151000000000000217e-02 1.491082888172714949e+00
6.643000000000000294e-02 1.296382507303236453e+00
7.173999999999999821e-02 1.098604332033485731e+00
7.747999999999999332e-02 9.024086892649263447e-01
8.368000000000000438e-02 7.138815909728455367e-01
9.037000000000000588e-02 5.397246055252533647e-01
9.760000000000000620e-02 3.860217680636492399e-01
1.054100000000000037e-01 2.583459127029253954e-01
1.138500000000000068e-01 1.602183165779763885e-01
1.229500000000000037e-01 9.248238452387214092e-02
1.327899999999999914e-01 5.209168120632749061e-02
1.434100000000000097e-01 3.312377693295385367e-02
1.548899999999999999e-01 2.740180449027449644e-02
1.672800000000000120e-01 2.694129667794842309e-02
1.806599999999999873e-01 2.606672367431204368e-02
1.951100000000000056e-01 2.287937649357544775e-02
2.107199999999999906e-01 1.866004763970749436e-02
2.275800000000000045e-01 1.551341251362398435e-02
2.457799999999999985e-01 1.400122992091204326e-02
2.654500000000000193e-01 1.295737449017912019e-02
2.866799999999999904e-01 1.152084061466171656e-02
3.096200000000000063e-01 1.024500471894975590e-02
3.343900000000000206e-01 1.019132909295437060e-02
3.611400000000000166e-01 1.018787226497663151e-02
3.900299999999999878e-01 9.643973704108512943e-03
4.212299999999999933e-01 9.367844378845580078e-03
4.549300000000000010e-01 9.349272087320384048e-03
4.913199999999999790e-01 9.200043424911695869e-03
5.306300000000000461e-01 9.161660897994033589e-03
5.730800000000000338e-01 9.058008144713629306e-03
6.189200000000000257e-01 9.056706347802964685e-03
6.684400000000000341e-01 9.002571425373544559e-03
7.219100000000000517e-01 8.993222659038201117e-03
7.748399999999999732e-01 8.974102916479431702e-03
