0.00916449 0.961894 0.0474812
0.00943518 1.00596 0.0435206
0.00971387 0.998545 0.0381607
0.0100008 0.987264 0.0337495
0.0102962 1.02562 0.0309987
0.0106003 1.03867 0.0280273
0.0109134 0.966926 0.0243739
0.0112358 1.01746 0.0227257
0.0115677 0.977655 0.0202681
0.0119093 0.974265 0.0184903
0.0122611 0.998188 0.0173149
0.0126233 0.981852 0.0157789
0.0129961 0.976269 0.0145868
0.01338 0.970202 0.0135848
0.0137752 0.947745 0.0125219
0.0141821 0.865739 0.0111798
0.014601 0.741878 0.00962173
0.0150323 0.577836 0.00792623
0.0154763 0.506155 0.0073028
0.0159334 0.474742 0.00622198
0.0164041 0.442949 0.0056133
0.0168886 0.432194 0.00516455
0.0173875 0.416569 0.00475113
0.017901 0.403144 0.00436454
0.0184298 0.384967 0.00398837
0.0189742 0.363105 0.00361588
0.0195346 0.354421 0.00335726
0.0201116 0.32906 0.00300982
0.0207057 0.306201 0.00271234
0.0213173 0.295318 0.00250173
0.0219469 0.272784 0.00224362
0.0225952 0.250332 0.00200697
0.0232626 0.231165 0.00180274
0.0239497 0.208997 0.00161262
0.0246571 0.184004 0.00141875
0.0253854 0.166927 0.00127352
0.0261352 0.142287 0.00112509
0.0269072 0.122019 0.00102418
0.027702 0.0987757 0.000864326
0.0285202 0.0797077 0.000730467
0.0293627 0.0626821 0.000607563
0.03023 0.0472553 0.000472547
0.0311229 0.0336934 0.000374807
0.0320422 0.0231757 0.000293632
0.0329886 0.0144084 0.00022025
0.033963 0.00839013 0.000159693
0.0349662 0.00421991 0.000107914
0.035999 0.00183126 6.76629e-05
0.0370623 0.000579786 3.62618e-05
0.0381571 0.000467029 3.07012e-05
0.0392841 0.00107088 4.43048e-05
0.0404445 0.00190361 5.61787e-05
0.0416391 0.00280517 6.50434e-05
0.042869 0.00352985 6.93221e-05
0.0441353 0.004365 7.34427e-05
0.0454389 0.00469926 7.27221e-05
0.0467811 0.00462103 6.87059e-05
0.0481629 0.0044382 6.42442e-05
0.0495855 0.00402981 5.851e-05
0.0510501 0.00333804 5.16828e-05
0.052558 0.0027102 4.46884e-05
0.0541104 0.00191918 3.59062e-05
0.0557087 0.00124279 2.78315e-05
0.0573542 0.00072694 2.04355e-05
0.0590483 0.000393908 1.45687e-05
0.0607925 0.000197529 9.9603e-06
0.0625881 0.000133703 7.92749e-06
0.0644368 0.000202968 9.54762e-06
0.0663401 0.000307141 1.13763e-05
0.0682997 0.000432497 1.3135e-05
0.0703171 0.000482778 1.3364e-05
0.072394 0.000510268 1.32263e-05
0.0745324 0.000435147 1.16697e-05
0.0767339 0.000362232 1.02206e-05
0.0790004 0.000252146 8.19004e-06
0.0813339 0.000174199 6.52527e-06
0.0837363 0.000119895 5.2092e-06
0.0862097 9.11709e-05 4.37355e-06
0.0887561 9.67387e-05 4.3358e-06
0.0913777 0.000103396 4.33141e-06
0.0940768 9.19696e-05 3.91475e-06
0.0968556 9.9741e-05 3.94404e-06
0.0997165 7.43374e-05 3.30681e-06
0.102662 6.0716e-05 2.89313e-06
0.105694 4.48457e-05 2.42137e-06
0.108816 4.85156e-05 2.49547e-06
0.11203 5.09172e-05 2.53756e-06
0.115339 4.80179e-05 2.4402e-06
0.118746 4.73835e-05 2.42341e-06
0.122254 3.76312e-05 2.1276e-06
0.125865 2.48522e-05 1.75578e-06
0.129583 2.37743e-05 1.68549e-06
0.13341 2.74001e-05 1.74524e-06
0.137351 3.25554e-05 1.87265e-06
0.141408 3.17982e-05 1.8216e-06
0.145585 2.48872e-05 1.58205e-06
0.149885 2.09264e-05 1.43234e-06
0.154312 1.69694e-05 1.27618e-06
0.15887 1.74904e-05 1.2718e-06
0.163563 1.93768e-05 1.33424e-06
0.168394 1.81864e-05 1.28385e-06
0.173368 1.6902e-05 1.22939e-06
0.178489 1.64342e-05 1.21894e-06
0.183761 1.47284e-05 1.1515e-06
0.189189 1.53234e-05 1.1907e-06
0.194777 1.66644e-05 1.25258e-06
0.20053 1.5181e-05 1.21291e-06
0.206453 1.18312e-05 1.12343e-06
0.212551 1.3306e-05 1.25462e-06
0.218829 1.22784e-05 1.27084e-06
0.225293 1.31612e-05 1.40405e-06
0.231948 1.56456e-05 1.61825e-06
0.238799 1.26659e-05 1.54248e-06
0.245852 1.40605e-05 1.70717e-06
0.253114 1.23643e-05 1.70737e-06
0.260591 1.18058e-05 1.73835e-06
0.268288 9.32587e-06 1.64711e-06
0.276212 8.44743e-06 1.62513e-06
0.284371 9.97805e-06 1.81596e-06
0.292771 8.53913e-06 1.79425e-06
0.301418 1.0645e-05 2.07999e-06
0.310321 8.53368e-06 1.92861e-06
0.319488 7.43994e-06 1.85428e-06
0.328924 1.03978e-05 2.26734e-06
0.334917 7.68555e-06 4.21989e-06
