0.00916468 0.642419 0.0382485
0.00943577 0.684312 0.0352643
0.00971488 0.620947 0.0297303
0.0100022 0.561933 0.0249575
0.0102981 0.590749 0.0229985
0.0106027 0.583259 0.0205727
0.0109164 0.582589 0.0185931
0.0112393 0.584785 0.0169989
0.0115717 0.582364 0.0154333
0.011914 0.55141 0.013649
0.0122664 0.552693 0.0126704
0.0126293 0.546686 0.0116058
0.0130029 0.53722 0.0106816
0.0133875 0.53451 0.00991708
0.0137835 0.513704 0.00906296
0.0141912 0.508815 0.00840136
0.014611 0.502902 0.00781272
0.0150432 0.506322 0.00737012
0.0154882 0.491829 0.00713826
0.0159463 0.484703 0.00628069
0.016418 0.466376 0.00574971
0.0169036 0.464348 0.00536652
0.0174036 0.442099 0.00489355
0.0179184 0.43555 0.00454727
0.0184485 0.420361 0.00417107
0.0189942 0.414246 0.00388075
0.019556 0.407008 0.00361183
0.0201345 0.377367 0.00323479
0.0207301 0.368173 0.00299532
0.0213433 0.35334 0.00275266
0.0219746 0.33112 0.00248712
0.0226246 0.308876 0.0022422
0.0232939 0.283609 0.00200562
0.0239829 0.257142 0.00179586
0.0246923 0.230353 0.00159506
0.0254227 0.200192 0.00139871
0.0261747 0.170896 0.00124155
0.026949 0.141155 0.00110964
0.0277461 0.110375 0.000916658
0.0285669 0.0856754 0.00075782
0.0294119 0.063028 0.000606327
0.0302819 0.0435984 0.000451039
0.0311776 0.0284123 0.000341852
0.0320998 0.0174474 0.000252916
0.0330494 0.00973004 0.00018043
0.034027 0.00509202 0.000123854
0.0350335 0.00335318 9.55923e-05
0.0360698 0.00309233 8.74586e-05
0.0371367 0.00383874 9.32972e-05
0.0382352 0.00479405 9.96196e-05
0.0393662 0.00595153 0.000105568
0.0405307 0.00698814 0.000108626
0.0417296 0.00741629 0.000106457
0.042964 0.00740506 0.000100966
0.0442348 0.00727774 9.53453e-05
0.0455433 0.00666028 8.68593e-05
0.0468905 0.0055701 7.56707e-05
0.0482775 0.00455836 6.52391e-05
0.0497056 0.00353046 5.48226e-05
0.0511758 0.00256487 4.52432e-05
0.0526896 0.00184887 3.66801e-05
0.0542482 0.00121946 2.85331e-05
0.0558529 0.000846063 2.29426e-05
0.057505 0.000638727 1.91709e-05
0.059206 0.000567052 1.74925e-05
0.0609573 0.000575909 1.71537e-05
0.0627604 0.000627871 1.73689e-05
0.0646169 0.000676265 1.76825e-05
0.0665283 0.000635381 1.65802e-05
0.0684962 0.000574767 1.52337e-05
0.0705223 0.000492015 1.36186e-05
0.0726084 0.000370722 1.13075e-05
0.0747561 0.000304157 9.78458e-06
0.0769674 0.000240248 8.34971e-06
0.0792441 0.000192119 7.17788e-06
0.0815882 0.000179978 6.65862e-06
0.0840016 0.000179023 6.3866e-06
0.0864863 0.000158432 5.79386e-06
0.0890446 0.000144003 5.31794e-06
0.0916785 0.000127413 4.82754e-06
0.0943904 8.77732e-05 3.86373e-06
0.0971825 6.27234e-05 3.13914e-06
0.100057 4.65087e-05 2.63603e-06
0.103017 4.3742e-05 2.45609e-06
0.106064 5.25816e-05 2.65827e-06
0.109201 6.40208e-05 2.88864e-06
0.112432 6.13433e-05 2.80416e-06
0.115757 5.5229e-05 2.64819e-06
0.119182 3.64682e-05 2.12678e-06
0.122707 2.52703e-05 1.76126e-06
0.126337 2.22522e-05 1.68569e-06
0.130074 2.30713e-05 1.65934e-06
0.133921 2.61506e-05 1.73239e-06
0.137883 2.92215e-05 1.79295e-06
0.141961 2.08081e-05 1.47835e-06
0.14616 1.83247e-05 1.37476e-06
0.150484 1.44456e-05 1.20425e-06
0.154935 1.4662e-05 1.18935e-06
0.159518 1.63713e-05 1.23952e-06
0.164237 1.70674e-05 1.25972e-06
0.169095 1.58718e-05 1.21848e-06
0.174097 1.41715e-05 1.14134e-06
0.179247 1.38014e-05 1.13566e-06
0.184549 1.37014e-05 1.12692e-06
0.190008 1.35749e-05 1.12888e-06
0.195628 1.13686e-05 1.04257e-06
0.201415 1.26936e-05 1.13257e-06
0.207373 1.18775e-05 1.15202e-06
0.213507 1.40438e-05 1.329e-06
0.219822 1.2747e-05 1.34069e-06
0.226325 9.75036e-06 1.24154e-06
0.233019 1.18353e-05 1.43609e-06
0.239912 1.18134e-05 1.51362e-06
0.247009 1.10233e-05 1.53805e-06
0.254315 1.20684e-05 1.7145e-06
0.261838 9.19757e-06 1.55528e-06
0.269583 1.00053e-05 1.7143e-06
0.277557 9.42687e-06 1.74346e-06
0.285768 5.46036e-06 1.39014e-06
0.294221 1.08767e-05 2.08473e-06
0.302924 1.13828e-05 2.16519e-06
0.311884 7.31625e-06 1.81574e-06
0.32111 8.18571e-06 2.00284e-06
0.330956 7.27257e-06 1.8751e-06
