0.00916449 1.0575 0.0543697
0.00943519 0.932284 0.041903
0.00971388 0.947357 0.0370925
0.0100008 0.961347 0.0334216
0.0102962 0.932016 0.0294066
0.0106003 0.96217 0.0269282
0.0109135 0.933003 0.0238449
0.0112358 0.980194 0.0222972
0.0115677 0.968984 0.0201791
0.0119094 0.945859 0.0181836
0.0122612 0.959502 0.0169649
0.0126233 0.935856 0.0154088
0.0129962 0.977081 0.0146281
0.0133801 0.94868 0.013429
0.0137753 0.953843 0.012558
0.0141822 0.963115 0.011779
0.0146011 0.905403 0.0106816
0.0150324 0.72933 0.00899558
0.0154764 0.55105 0.00769641
0.0159336 0.487315 0.00633003
0.0164042 0.466054 0.00579045
0.0168887 0.432937 0.00517954
0.0173876 0.410135 0.00471385
0.0179012 0.391795 0.00430611
0.01843 0.374586 0.00392826
0.0189743 0.360388 0.00360968
0.0195348 0.342555 0.00329528
0.0201118 0.316806 0.00294934
0.0207059 0.303427 0.00270044
0.0213175 0.282728 0.00244511
0.0219472 0.267101 0.00222143
0.0225954 0.243848 0.00198179
0.0232629 0.222493 0.00176834
0.02395 0.20395 0.00159408
0.0246574 0.181061 0.0014091
0.0253858 0.160415 0.00124888
0.0261356 0.137047 0.00110465
0.0269076 0.116453 0.000997987
0.0277024 0.0959555 0.000851752
0.0285207 0.0782182 0.000724258
0.0293631 0.0606295 0.000597609
0.0302304 0.0465471 0.000469403
0.0311234 0.0329713 0.000371284
0.0320427 0.0224353 0.000289139
0.0329892 0.014462 0.000221125
0.0339636 0.00859087 0.000162376
0.0349668 0.00428764 0.000108876
0.0359996 0.00179277 6.73661e-05
0.037063 0.000667927 3.90425e-05
0.0381578 0.000422798 2.92414e-05
0.0392849 0.000887585 4.03777e-05
0.0404452 0.00176416 5.39837e-05
0.0416399 0.00266125 6.34243e-05
0.0428699 0.00347712 6.86852e-05
0.0441362 0.00399166 7.01168e-05
0.0454398 0.00463282 7.22941e-05
0.046782 0.00466237 6.91407e-05
0.0481639 0.00450909 6.48519e-05
0.0495865 0.00400675 5.83147e-05
0.0510512 0.00333694 5.17551e-05
0.0525592 0.00266663 4.42404e-05
0.0541117 0.0019647 3.6343e-05
0.05571 0.00127753 2.82547e-05
0.0573556 0.000721313 2.03738e-05
0.0590497 0.000376509 1.42237e-05
0.0607939 0.000182813 9.53918e-06
0.0625897 0.000121435 7.58215e-06
0.0644384 0.000173588 8.83046e-06
0.0663418 0.000294922 1.11484e-05
0.0683014 0.000399944 1.25755e-05
0.0703189 0.000461026 1.30794e-05
0.072396 0.000465948 1.25875e-05
0.0745344 0.000433754 1.16481e-05
0.076736 0.000347645 1.00224e-05
0.0790026 0.000247394 8.10535e-06
0.0813362 0.000173282 6.51875e-06
0.0837387 0.000112538 5.04288e-06
0.0862121 8.38362e-05 4.17688e-06
0.0887586 8.02358e-05 3.91706e-06
0.0913804 8.9643e-05 4.01097e-06
0.0940796 9.32213e-05 3.95229e-06
0.0968585 9.09661e-05 3.77116e-06
0.0997195 6.79582e-05 3.14784e-06
0.102665 5.90739e-05 2.85738e-06
0.105698 4.38254e-05 2.39351e-06
0.10882 4.036e-05 2.29016e-06
0.112034 4.63096e-05 2.42458e-06
0.115343 4.57322e-05 2.37756e-06
0.11875 3.42093e-05 2.04605e-06
0.122258 3.0148e-05 1.91434e-06
0.125869 2.51514e-05 1.75601e-06
0.129587 2.23646e-05 1.63134e-06
0.133415 2.53983e-05 1.68951e-06
0.137355 2.90395e-05 1.77793e-06
0.141413 2.70986e-05 1.6871e-06
0.14559 2.40002e-05 1.55541e-06
0.14989 1.78773e-05 1.31873e-06
0.154317 1.51832e-05 1.20318e-06
0.158876 1.34882e-05 1.11452e-06
0.163569 1.55617e-05 1.19337e-06
0.1684 1.54284e-05 1.1824e-06
0.173374 1.38712e-05 1.10947e-06
0.178495 1.07731e-05 9.92944e-07
0.183768 1.2243e-05 1.0493e-06
0.189196 1.24532e-05 1.06855e-06
0.194784 9.21017e-06 9.22576e-07
0.200538 1.02093e-05 1.00087e-06
0.206461 1.1578e-05 1.10891e-06
0.21256 1.08009e-05 1.1312e-06
0.218838 1.06823e-05 1.19145e-06
0.225302 1.07502e-05 1.27313e-06
0.231957 8.93707e-06 1.22139e-06
0.238809 1.08929e-05 1.42099e-06
0.245863 7.63432e-06 1.26357e-06
0.253125 1.06662e-05 1.57641e-06
0.260602 9.80587e-06 1.58396e-06
0.268299 7.28528e-06 1.40927e-06
0.276224 8.741e-06 1.62826e-06
0.284383 9.271e-06 1.79401e-06
0.292784 6.32769e-06 1.5288e-06
0.301432 1.04993e-05 2.04221e-06
0.310335 9.5952e-06 2.04323e-06
0.319502 5.87856e-06 1.63693e-06
0.328939 4.71553e-06 1.52647e-06
0.334924 1.18531e-05 5.11168e-06
