0.00916459 0.650029 0.0402147
0.00943549 0.70498 0.0357562
0.0097144 0.577707 0.0286274
0.0100016 0.6144 0.0263632
0.0102972 0.678383 0.0249962
0.0106016 0.571848 0.0204799
0.010915 0.600743 0.0189774
0.0112376 0.611093 0.0174496
0.0115698 0.573453 0.0153717
0.0119118 0.568044 0.0139267
0.0122639 0.566915 0.0128704
0.0126264 0.53617 0.0115305
0.0129997 0.555499 0.0109112
0.0133839 0.547887 0.0100961
0.0137796 0.536409 0.00928953
0.0141869 0.513678 0.0084877
0.0146063 0.51014 0.00789817
0.015038 0.509681 0.00742073
0.0154825 0.492254 0.00717318
0.0159402 0.481973 0.00627704
0.0164114 0.468749 0.00578816
0.0168965 0.466447 0.00539384
0.017396 0.447463 0.00494004
0.0179102 0.444789 0.00462136
0.0184396 0.425676 0.00421913
0.0189847 0.418957 0.00391645
0.0195459 0.407122 0.00362407
0.0201237 0.383403 0.00327433
0.0207185 0.369486 0.00300934
0.021331 0.355115 0.00276696
0.0219615 0.333228 0.00250553
0.0226107 0.30883 0.00224942
0.0232791 0.287647 0.00202951
0.0239672 0.263049 0.00182481
0.0246757 0.23256 0.00160886
0.0254051 0.202175 0.0014104
0.026156 0.17326 0.00125297
0.0269292 0.14144 0.00111384
0.0277252 0.111463 0.000924636
0.0285448 0.086164 0.00076154
0.0293886 0.0626564 0.00060655
0.0302573 0.0426608 0.000447643
0.0311517 0.0276752 0.000339003
0.0320726 0.017206 0.000251925
0.0330206 0.00986873 0.000181893
0.0339967 0.00556725 0.000129731
0.0350016 0.00381494 0.000102422
0.0360363 0.00388191 9.86223e-05
0.0371015 0.00434087 9.98309e-05
0.0381982 0.00530542 0.000105525
0.0393274 0.00645937 0.000110642
0.0404899 0.00715379 0.000110435
0.0416868 0.00751225 0.000107857
0.042919 0.00752651 0.000102307
0.0441877 0.00700024 9.38561e-05
0.0454939 0.00640036 8.54881e-05
0.0468387 0.00533771 7.44118e-05
0.0482233 0.00423337 6.30605e-05
0.0496487 0.00328435 5.30997e-05
0.0511163 0.00238389 4.36634e-05
0.0526273 0.00166838 3.4909e-05
0.054183 0.00116599 2.79727e-05
0.0557847 0.000890331 2.35732e-05
0.0574336 0.000725797 2.05184e-05
0.0591314 0.000697499 1.95063e-05
0.0608793 0.000713458 1.91969e-05
0.0626789 0.000735236 1.89851e-05
0.0645317 0.000672756 1.77504e-05
0.0664392 0.000642579 1.6799e-05
0.0684032 0.000536736 1.47756e-05
0.0704252 0.000439925 1.28847e-05
0.0725069 0.000330252 1.07215e-05
0.0746502 0.000240364 8.72788e-06
0.0768569 0.00022485 8.1452e-06
0.0791288 0.000204948 7.46136e-06
0.0814678 0.000214755 7.35361e-06
0.083876 0.000212292 6.99555e-06
0.0863554 0.000205788 6.65758e-06
0.088908 0.00016923 5.81026e-06
0.0915362 0.000128041 4.8755e-06
0.094242 8.31086e-05 3.78015e-06
0.0970277 5.02562e-05 2.83976e-06
0.0998959 4.34296e-05 2.55434e-06
0.102849 5.2741e-05 2.72768e-06
0.105889 6.471e-05 2.97163e-06
0.109019 7.60873e-05 3.19506e-06
0.112242 7.31672e-05 3.08592e-06
0.11556 5.56885e-05 2.6697e-06
0.118975 3.77852e-05 2.19128e-06
0.122492 2.08633e-05 1.61923e-06
0.126113 2.2427e-05 1.68426e-06
0.129841 2.78826e-05 1.8501e-06
0.133679 3.21009e-05 1.93903e-06
0.137631 2.78172e-05 1.76024e-06
0.141699 2.4495e-05 1.63645e-06
0.145888 1.84367e-05 1.39294e-06
0.1502 1.87114e-05 1.3738e-06
0.15464 1.80626e-05 1.34167e-06
0.159211 1.72466e-05 1.29011e-06
0.163918 1.85654e-05 1.32654e-06
0.168763 1.55011e-05 1.20643e-06
0.173752 1.25608e-05 1.08148e-06
0.178888 1.33261e-05 1.12011e-06
0.184176 1.39486e-05 1.14369e-06
0.18962 1.44625e-05 1.17399e-06
0.195225 1.23562e-05 1.10095e-06
0.200996 1.21352e-05 1.1098e-06
0.206937 1.22985e-05 1.16664e-06
0.213054 1.2962e-05 1.27142e-06
0.219352 1.14537e-05 1.266e-06
0.225836 1.30837e-05 1.43771e-06
0.232512 1.21048e-05 1.453e-06
0.239385 1.32959e-05 1.62183e-06
0.246461 1.18163e-05 1.60876e-06
0.253747 1.01639e-05 1.58449e-06
0.261247 1.22896e-05 1.83848e-06
0.26897 1.27299e-05 1.93826e-06
0.27692 8.41188e-06 1.63654e-06
0.285106 7.7226e-06 1.65829e-06
0.293534 1.1289e-05 2.09145e-06
0.302211 9.32297e-06 1.92699e-06
0.311144 8.06569e-06 1.90512e-06
0.320342 9.01501e-06 2.06383e-06
0.330564 6.42877e-06 1.71828e-06
