279.8871992147209 6.31163121
279.3871992147209 6.30928079
278.8871992147209 6.30628147
278.3871992147209 6.30248077
277.8871992147209 6.29769814
277.3871992147209 6.29172182
276.8871992147209 6.28430591
276.3871992147209 6.27516777
275.8871992147209 6.26398587
275.3871992147209 6.25039848
274.8871992147209 6.23400316
274.3871992147209 6.21435747
273.8871992147209 6.19098105
273.3871992147209 6.16335924
272.8871992147209 6.13094846
272.3871992147209 6.09318337
271.8871992147209 6.04948607
271.3871992147209 5.99927699
270.8871992147209 5.94198773
270.3871992147209 5.87707534
269.8871992147209 5.80403795
269.3871992147209 5.72243116
268.8871992147209 5.63188487
268.3871992147209 5.53211984
267.8871992147209 5.4229634
267.3871992147209 5.30436372
266.8871992147209 5.17640176
266.3871992147209 5.03930055
265.8871992147209 4.89343104
265.3871992147209 4.73931411
264.8871992147209 4.57761845
264.3871992147209 4.40915413
263.8871992147209 4.23486188
263.3871992147209 4.05579824
262.8871992147209 3.87311708
262.3871992147209 3.68804796
261.8871992147209 3.50187218
261.3871992147209 3.31589726
260.8871992147209 3.13143099
260.3871992147209 2.94975585
259.8871992147209 2.77210505
259.3871992147209 2.59964102
258.8871992147209 2.43343725
258.3871992147209 2.27446432
257.8871992147209 2.12358063
257.3871992147209 1.98152821
256.8871992147209 1.84893386
256.3871992147209 1.72631532
255.8871992147209 1.61409233
255.3871992147209 1.51260179
254.8871992147209 1.42211633
254.3871992147209 1.34286496
253.8871992147209 1.27505478
253.3871992147209 1.2188921
252.8871992147209 1.17460161
252.3871992147209 1.14244192
251.8871992147209 1.1227161
251.3871992147209 1.11577598
250.8871992147209 1.12201901
250.3871992147209 1.14187725
249.8871992147209 1.1757982
249.3871992147209 1.22421792
248.8871992147209 1.28752733
248.3871992147209 1.36603344
247.8871992147209 1.45991733
247.3871992147209 1.5691918
246.8871992147209 1.69366127
246.3871992147209 1.83288714
245.8871992147209 1.98616139
245.3871992147209 2.15249107
244.8871992147209 2.33059564
244.3871992147209 2.51891837
243.8871992147209 2.71565226
243.3871992147209 2.91877976
242.8871992147209 3.12612458
242.3871992147209 3.33541334
241.8871992147209 3.54434352
241.3871992147209 3.75065427
240.8871992147209 3.95219599
240.3871992147209 4.14699499
239.8871992147209 4.33330963
239.3871992147209 4.50967531
238.8871992147209 4.67493625
238.3871992147209 4.82826294
237.8871992147209 4.96915524
237.3871992147209 5.09743197
236.8871992147209 5.21320853
236.3871992147209 5.31686475
235.8871992147209 5.4090056
235.3871992147209 5.49041755
234.8871992147209 5.56202317
234.3871992147209 5.62483661
233.8871992147209 5.67992191
233.3871992147209 5.72835586
232.8871992147209 5.77119643
232.3871992147209 5.80945754
231.8871992147209 5.84409002
231.3871992147209 5.87596879
230.8871992147209 5.90588545
230.3871992147209 5.93454569
229.8871992147209 5.96257044
229.3871992147209 5.99050004
228.8871992147209 6.01880041
228.3871992147209 6.0478704
227.8871992147209 6.07804978
227.3871992147209 6.10962723
226.8871992147209 6.14284791
226.3871992147209 6.17792042
225.8871992147209 6.21502287
225.3871992147209 6.25430812
224.8871992147209 6.29590801
224.3871992147209 6.33993686
223.8871992147209 6.38649406
223.3871992147209 6.43566606
222.8871992147209 6.48752774
222.3871992147209 6.54214337
221.8871992147209 6.5995671
221.3871992147209 6.65984324
220.8871992147209 6.72300627
220.3871992147209 6.78908077
219.8871992147209 6.85808116
219.3871992147209 6.93001147
218.8871992147209 7.00486503
218.3871992147209 7.08262417
217.8871992147209 7.16326001
217.3871992147209 7.24673217
216.8871992147209 7.33298869
216.3871992147209 7.42196587
215.8871992147209 7.51358826
215.3871992147209 7.60776872
214.8871992147209 7.70440858
214.3871992147209 7.80339781
213.8871992147209 7.90461533
213.3871992147209 8.00792945
212.8871992147209 8.11319827
212.3871992147209 8.22027031
211.8871992147209 8.32898505
211.3871992147209 8.43917375
210.8871992147209 8.55066012
210.3871992147209 8.66326122
209.8871992147209 8.77678835
209.3871992147209 8.89104799
208.8871992147209 9.00584278
208.3871992147209 9.12097256
207.8871992147209 9.2362354
207.3871992147209 9.35142866
206.8871992147209 9.4663501
206.3871992147209 9.58079887
205.8871992147209 9.69457663
205.3871992147209 9.80748854
204.8871992147209 9.9193443
204.3871992147209 10.02995905
203.8871992147209 10.13915433
203.3871992147209 10.24675894
202.8871992147209 10.35260972
202.3871992147209 10.45655227
201.8871992147209 10.55844162
201.3871992147209 10.65814284
200.8871992147209 10.75553145
200.3871992147209 10.85049395
199.8871992147209 10.94292805
199.3871992147209 11.03274295
198.8871992147209 11.11985953
198.3871992147209 11.20421035
197.8871992147209 11.2857397
197.3871992147209 11.36440348
196.8871992147209 11.44016904
196.3871992147209 11.51301491
195.8871992147209 11.58293054
195.3871992147209 11.64991586
194.8871992147209 11.71398093
194.3871992147209 11.77514537
193.8871992147209 11.8334379
193.3871992147209 11.88889574
192.8871992147209 11.94156402
192.3871992147209 11.99149516
191.8871992147209 12.03874823
191.3871992147209 12.08338828
190.8871992147209 12.1254857
190.3871992147209 12.16511555
189.8871992147209 12.20235691
189.3871992147209 12.23729224
188.8871992147209 12.27000673
188.3871992147209 12.30058774
187.8871992147209 12.32912416
187.3871992147209 12.3557059
186.8871992147209 12.38042334
186.3871992147209 12.40336683
185.8871992147209 12.42462628
185.3871992147209 12.44429067
184.8871992147209 12.4624477
184.3871992147209 12.47918348
183.8871992147209 12.49458213
183.3871992147209 12.5087256
182.8871992147209 12.52169336
182.3871992147209 12.53356226
181.8871992147209 12.54440633
181.3871992147209 12.55429663
180.8871992147209 12.56330121
180.3871992147209 12.57148499
179.8871992147209 12.5789097
179.3871992147209 12.58563392
178.8871992147209 12.59171304
178.3871992147209 12.59719928
177.8871992147209 12.60214177
177.3871992147209 12.60658658
176.8871992147209 12.61057679
176.3871992147209 12.6141526
175.8871992147209 12.61735143
175.3871992147209 12.62020798
174.8871992147209 12.6227544
174.3871992147209 12.62502036
173.8871992147209 12.62703322
173.3871992147209 12.6288181
172.8871992147209 12.63039805
172.3871992147209 12.63179413
171.8871992147209 12.63302557
171.3871992147209 12.63410989
170.8871992147209 12.63506297
170.3871992147209 12.63589924
169.8871992147209 12.63663172
169.3871992147209 12.63727216
168.8871992147209 12.63783115
168.3871992147209 12.63831818
167.8871992147209 12.63874178
167.3871992147209 12.63910956
166.8871992147209 12.63942831
166.3871992147209 12.63970408
165.8871992147209 12.63994225
165.3871992147209 12.64014759
164.8871992147209 12.6403243
164.3871992147209 12.64047612
163.8871992147209 12.64060632
163.3871992147209 12.64071778
162.8871992147209 12.64081303
162.3871992147209 12.64089429
161.8871992147209 12.64096349
161.3871992147209 12.64102231
160.8871992147209 12.64107223
160.3871992147209 12.64111452
159.8871992147209 12.64115028
159.3871992147209 12.64118046
158.8871992147209 12.6412059
158.3871992147209 12.64122729
157.8871992147209 12.64124525
157.3871992147209 12.64126031
156.8871992147209 12.64127291
156.3871992147209 12.64128344
155.8871992147209 12.64129221
155.3871992147209 12.64129952
154.8871992147209 12.64130558
154.3871992147209 12.64131062
153.8871992147209 12.64131478
153.3871992147209 12.64131823
152.8871992147209 12.64132107
152.3871992147209 12.64132341
151.8871992147209 12.64132534
151.3871992147209 12.64132691
150.8871992147209 12.64132821
150.3871992147209 12.64132927
149.8871992147209 12.64133013
149.3871992147209 12.64133083
148.8871992147209 12.64133141
148.3871992147209 12.64133187
147.8871992147209 12.64133225
147.3871992147209 12.64133255
146.8871992147209 12.6413328
146.3871992147209 12.641333
145.8871992147209 12.64133316
145.3871992147209 12.64133329
144.8871992147209 12.64133339
144.3871992147209 12.64133347
143.8871992147209 12.64133354
143.3871992147209 12.64133359
142.8871992147209 12.64133363
142.3871992147209 12.64133367
141.8871992147209 12.64133369
141.3871992147209 12.64133371
140.8871992147209 12.64133373
140.3871992147209 12.64133374
139.8871992147209 12.64133375
139.3871992147209 12.64133376
138.8871992147209 12.64133377
138.3871992147209 12.64133377
137.8871992147209 12.64133378
137.3871992147209 12.64133378
136.8871992147209 12.64133378
136.3871992147209 12.64133379
135.8871992147209 12.64133379
135.3871992147209 12.64133379
134.8871992147209 12.64133379
134.3871992147209 12.64133379
133.8871992147209 12.64133379
133.3871992147209 12.64133379
132.8871992147209 12.64133379
132.3871992147209 12.64133379
131.8871992147209 12.64133379
131.3871992147209 12.64133379
130.8871992147209 12.64133379
130.3871992147209 12.64133379
129.8871992147209 12.64133379
129.3871992147209 12.64133379
128.8871992147209 12.64133379
128.3871992147209 12.64133379
127.88719921472091 12.64133379
127.38719921472091 12.64133379
126.88719921472091 12.64133379
126.38719921472091 12.64133379
125.88719921472091 12.64133379
125.38719921472091 12.64133379
124.88719921472091 12.64133379
124.38719921472091 12.64133379
123.88719921472091 12.64133379
123.38719921472091 12.64133379
122.88719921472091 12.64133379
122.38719921472091 12.64133379
121.88719921472091 12.64133379
121.38719921472091 12.64133379
120.88719921472091 12.64133379
120.38719921472091 12.64133379
119.88719921472091 12.64133379
119.38719921472091 12.64133379
118.88719921472091 12.64133379
118.38719921472091 12.64133379
117.88719921472091 12.64133379
117.38719921472091 12.64133379
116.88719921472091 12.64133379
116.38719921472091 12.64133379
115.88719921472091 12.64133379
115.38719921472091 12.64133379
114.88719921472091 12.64133379
114.38719921472091 12.64133379
113.88719921472091 12.64133379
113.38719921472091 12.64133379
112.88719921472091 12.64133379
112.38719921472091 12.64133379
111.88719921472091 12.64133379
111.38719921472091 12.64133379
110.88719921472091 12.64133379
110.38719921472091 12.64133379
109.88719921472091 12.64133379
109.38719921472091 12.64133379
108.88719921472091 12.64133379
108.38719921472091 12.64133379
107.88719921472091 12.64133379
107.38719921472091 12.64133379
106.88719921472091 12.64133379
106.38719921472091 12.64133379
105.88719921472091 12.64133379
105.38719921472091 12.64133379
104.88719921472091 12.64133379
104.38719921472091 12.64133379
103.88719921472091 12.64133379
103.38719921472091 12.64133379
102.88719921472091 12.64133379
102.38719921472091 12.64133379
101.88719921472091 12.64133379
101.38719921472091 12.64133379
100.88719921472091 12.64133379
100.38719921472091 12.64133379
99.88719921472091 12.64133379
99.38719921472091 12.64133379
98.88719921472091 12.64133379
98.38719921472091 12.64133379
97.88719921472091 12.64133379
97.38719921472091 12.64133379
96.88719921472091 12.64133379
96.38719921472091 12.64133379
95.88719921472091 12.64133379
95.38719921472091 12.64133379
94.88719921472091 12.64133379
94.38719921472091 12.64133379
93.88719921472091 12.64133379
93.38719921472091 12.64133379
92.88719921472091 12.64133379
92.38719921472091 12.64133379
91.88719921472091 12.64133379
91.38719921472091 12.64133379
90.88719921472091 12.64133379
90.38719921472091 12.64133379
89.88719921472091 12.64133379
89.38719921472091 12.64133379
88.88719921472091 12.64133379
88.38719921472091 12.64133379
87.88719921472091 12.64133379
87.38719921472091 12.64133379
86.88719921472091 12.64133379
86.38719921472091 12.64133379
85.88719921472091 12.64133379
85.38719921472091 12.64133379
84.88719921472091 12.64133379
84.38719921472091 12.64133379
83.88719921472091 12.64133379
83.38719921472091 12.64133379
82.88719921472091 12.64133379
82.38719921472091 12.64133379
81.88719921472091 12.64133379
81.38719921472091 12.64133379
80.88719921472091 12.64133379
80.38719921472091 12.64133379
79.88719921472091 12.64133379
79.38719921472091 12.64133379
78.88719921472091 12.64133379
78.38719921472091 12.64133379
77.88719921472091 12.64133379
77.38719921472091 12.64133379
76.88719921472091 12.64133379
76.38719921472091 12.64133379
75.88719921472091 12.64133379
75.38719921472091 12.64133379
74.88719921472091 12.64133379
74.38719921472091 12.64133379
73.88719921472091 12.64133379
73.38719921472091 12.64133379
72.88719921472091 12.64133379
72.38719921472091 12.64133379
71.88719921472091 12.64133379
71.38719921472091 12.64133379
70.88719921472091 12.64133379
70.38719921472091 12.64133379
69.88719921472091 12.64133379
69.38719921472091 12.64133379
68.88719921472091 12.64133379
68.38719921472091 12.64133379
67.88719921472091 12.64133379
67.38719921472091 12.64133379
66.88719921472091 12.64133379
66.38719921472091 12.64133379
65.88719921472091 12.64133379
65.38719921472091 12.64133379
64.88719921472091 12.64133379
64.38719921472091 12.64133379
63.88719921472091 12.64133379
63.38719921472091 12.64133379
62.88719921472091 12.64133379
62.38719921472091 12.64133379
61.88719921472091 12.64133379
61.38719921472091 12.64133379
60.88719921472091 12.64133379
60.38719921472091 12.64133379
59.88719921472091 12.64133379
59.38719921472091 12.64133379
58.88719921472091 12.64133379
58.38719921472091 12.64133379
57.88719921472091 12.64133379
57.38719921472091 12.64133379
56.88719921472091 12.64133379
56.38719921472091 12.64133379
55.88719921472091 12.64133379
55.38719921472091 12.64133379
54.88719921472091 12.64133379
54.38719921472091 12.64133379
53.88719921472091 12.64133379
53.38719921472091 12.64133379
52.88719921472091 12.64133379
52.38719921472091 12.64133379
51.88719921472091 12.64133379
51.38719921472091 12.64133379
50.88719921472091 12.64133379
50.38719921472091 12.64133379
49.88719921472091 12.64133379
49.38719921472091 12.64133379
48.88719921472091 12.64133379
48.38719921472091 12.64133379
47.88719921472091 12.64133379
47.38719921472091 12.64133379
46.88719921472091 12.64133379
46.38719921472091 12.64133379
45.88719921472091 12.64133379
45.38719921472091 12.64133379
44.88719921472091 12.64133379
44.38719921472091 12.64133379
43.88719921472091 12.64133379
43.38719921472091 12.64133379
42.88719921472091 12.64133378
42.38719921472091 12.64133377
41.88719921472091 12.64133376
41.38719921472091 12.64133372
40.88719921472091 12.64133364
40.38719921472091 12.64133349
39.88719921472091 12.64133319
39.38719921472091 12.64133263
38.88719921472091 12.64133158
38.38719921472091 12.64132963
37.88719921472091 12.64132608
37.38719921472091 12.6413197
36.88719921472091 12.64130841
36.38719921472091 12.64128873
35.88719921472091 12.64125495
35.38719921472091 12.64119781
34.88719921472091 12.64110259
34.38719921472091 12.64094629
33.88719921472091 12.64069352
33.38719921472091 12.64029081
32.88719921472091 12.63965877
32.38719921472091 12.63868151
31.88719921472091 12.63719297
31.38719921472091 12.63495931
30.88719921472091 12.63165736
30.38719921472091 12.62684871
29.88719921472091 12.6199499
29.38719921472091 12.61019946
28.88719921472091 12.59662342
28.38719921472091 12.57800165
27.88719921472091 12.55283836
27.38719921472091 12.51934083
26.88719921472091 12.47541126
26.38719921472091 12.41865681
25.88719921472091 12.34642278
25.38719921472091 12.25585318
24.88719921472091 12.14398103
24.38719921472091 12.00784899
23.88719921472091 11.8446575
23.38719921472091 11.65193449
22.88719921472091 11.42771753
22.38719921472091 11.17073584
21.88719921472091 10.88057769
21.38719921472091 10.55782773
20.88719921472091 10.20415914
20.38719921472091 9.82236818
19.88719921472091 9.41634238
19.38719921472091 8.99095903
18.88719921472091 8.5519169
18.38719921472091 8.10551014
17.88719921472091 7.65835916
17.38719921472091 7.21711754
16.88719921472091 6.78817648
16.38719921472091 6.3773886
15.887199214720908 5.98983078
15.387199214720908 5.62962199
14.887199214720908 5.29980646
14.387199214720908 5.00230638
13.887199214720908 4.73794208
13.387199214720908 4.5065122
12.887199214720908 4.30692169
12.387199214720908 4.13734315
11.887199214720908 3.99539556
11.387199214720908 3.87832527
10.887199214720908 3.78317583
10.387199214720908 3.70693597
9.887199214720908 3.64665837
9.387199214720908 3.59954524
8.887199214720908 3.56299971
8.387199214720908 3.53464529
7.8871992147209085 3.51231783
7.3871992147209085 3.49403664
6.8871992147209085 3.47796337
6.3871992147209085 3.46235837
5.8871992147209085 3.44554487
5.3871992147209085 3.42589129
4.8871992147209085 3.40181983
4.3871992147209085 3.37184663
3.8871992147209085 3.33465347
3.3871992147209085 3.2891851
2.8871992147209085 3.23475992
2.3871992147209085 3.17117635
1.8871992147209085 3.0987947
1.3871992147209085 3.0185748
0.8871992147209085 2.93205517
0.38719921472090846 2.84126763
-0.11280078527909154 2.7485923
-0.6128007852790915 2.65656848
-1.1128007852790915 2.56768535
-1.6128007852790915 2.48418021
-2.1128007852790915 2.40787097
-2.6128007852790915 2.34004302
-3.1128007852790915 2.28140135
-3.6128007852790915 2.23208745
-4.1128007852790915 2.19175106
-4.6128007852790915 2.1596596
-5.1128007852790915 2.13482564
-5.6128007852790915 2.11613316
-6.1128007852790915 2.10244794
-6.6128007852790915 2.09270251
-7.1128007852790915 2.08595235
-7.6128007852790915 2.08140466
-8.112800785279092 2.07842455
-8.612800785279092 2.07652506
-9.112800785279092 2.07534744
-9.612800785279092 2.07463731
