 ZOOM Wed 10-AUG-2022 15:28 Workspace: 
 {XB2190186_d2}_SANS
   69    0    0    0    1   69    0
         0         0         0         0
 3 (F12.5,2E16.6)
     0.00416    1.195825e-01    1.239105e+00    8.606556e-04
     0.00449   -3.904618e-02    9.645049e-01    9.292897e-04
     0.00485    2.366789e-01    5.740620e-01    9.211644e-04
     0.00524    4.277205e-01    4.472443e-01    1.000455e-03
     0.00566    4.322273e-01    3.539421e-01    9.982076e-04
     0.00611    3.331553e-01    2.434942e-01    1.115924e-03
     0.00660    1.861896e-01    1.868798e-01    1.114216e-03
     0.00713    5.280201e-01    1.433720e-01    1.164047e-03
     0.00770    5.319933e-01    1.145661e-01    1.265514e-03
     0.00832    3.640598e-01    8.739070e-02    1.322341e-03
     0.00898    5.046901e-01    7.865102e-02    1.362714e-03
     0.00970    4.800846e-01    6.559381e-02    1.493594e-03
     0.01048    4.236258e-01    5.191149e-02    1.510788e-03
     0.01131    5.489059e-01    4.844167e-02    1.576056e-03
     0.01222    4.896431e-01    4.074873e-02    1.671060e-03
     0.01320    4.561181e-01    3.660887e-02    1.718427e-03
     0.01425    5.368437e-01    3.330259e-02    1.825746e-03
     0.01539    4.548794e-01    2.832518e-02    1.873047e-03
     0.01662    4.367192e-01    2.576520e-02    2.071411e-03
     0.01795    4.668414e-01    2.376903e-02    2.082776e-03
     0.01939    4.581431e-01    2.080827e-02    2.170561e-03
     0.02094    4.386546e-01    1.860274e-02    2.278415e-03
     0.02262    4.676989e-01    1.739754e-02    2.305541e-03
     0.02443    4.626419e-01    1.578955e-02    2.359470e-03
     0.02638    4.526056e-01    1.415437e-02    2.404958e-03
     0.02849    4.634645e-01    1.335729e-02    2.456682e-03
     0.03077    4.317381e-01    1.196544e-02    2.476781e-03
     0.03323    4.302502e-01    1.088341e-02    2.509434e-03
     0.03589    4.233890e-01    1.009895e-02    2.552043e-03
     0.03876    4.112233e-01    9.306978e-03    2.534453e-03
     0.04186    4.117279e-01    8.610297e-03    2.611329e-03
     0.04521    4.042629e-01    7.857072e-03    2.678779e-03
     0.04883    3.777144e-01    7.197089e-03    2.706487e-03
     0.05273    3.743925e-01    6.608780e-03    2.775728e-03
     0.05695    3.584244e-01    5.954042e-03    2.858332e-03
     0.06151    3.314213e-01    5.457649e-03    2.963472e-03
     0.06643    3.207532e-01    5.016131e-03    3.062732e-03
     0.07174    2.982399e-01    4.536441e-03    3.152510e-03
     0.07748    2.743034e-01    4.186778e-03    3.262850e-03
     0.08368    2.509731e-01    3.783263e-03    3.408301e-03
     0.09037    2.260889e-01    3.502077e-03    3.562825e-03
     0.09760    1.948898e-01    3.166843e-03    3.736386e-03
     0.10541    1.777825e-01    2.933216e-03    3.921333e-03
     0.11385    1.500573e-01    2.670716e-03    4.114581e-03
     0.12295    1.221171e-01    2.460786e-03    4.346438e-03
     0.13279    9.819138e-02    2.267873e-03    4.586039e-03
     0.14341    7.977225e-02    2.093752e-03    4.852069e-03
     0.15489    5.657560e-02    1.957005e-03    5.131973e-03
     0.16728    4.459250e-02    1.850785e-03    5.460497e-03
     0.18066    3.349946e-02    1.771189e-03    5.806142e-03
     0.19511    2.701876e-02    1.707753e-03    6.173683e-03
     0.21072    2.235294e-02    1.660385e-03    6.577498e-03
     0.22758    1.403839e-02    1.659931e-03    7.019327e-03
     0.24578    1.743244e-02    1.658482e-03    7.494343e-03
     0.26545    1.381510e-02    1.657922e-03    8.013731e-03
     0.28668    1.506627e-02    1.676763e-03    8.570329e-03
     0.30962    1.081051e-02    1.729783e-03    9.159583e-03
     0.33439    1.161527e-02    1.810011e-03    9.810474e-03
     0.36114    1.278638e-02    1.938470e-03    1.051780e-02
     0.39003    1.188017e-02    2.105546e-03    1.131492e-02
     0.42123    1.317909e-02    2.403950e-03    1.216352e-02
     0.45493    9.477374e-03    2.881507e-03    1.310907e-02
     0.49132    1.139684e-02    3.485854e-03    1.415513e-02
     0.53063    1.442478e-02    4.083294e-03    1.528587e-02
     0.57308    1.023959e-03    4.618782e-03    1.642956e-02
     0.61892    3.816388e-03    5.355935e-03    1.758412e-02
     0.66844    1.034271e-02    7.124692e-03    1.885812e-02
     0.72191    2.258977e-02    1.137824e-02    2.022310e-02
     0.77484    5.890607e-02    2.621609e-02    1.953947e-02
