 ZOOM Wed 10-AUG-2022 15:28 Workspace: 
 {XB2190186_d3}_SANS
   69    0    0    0    1   69    0
         0         0         0         0
 3 (F12.5,2E16.6)
     0.00416    4.902715e+00    1.767776e+00    8.545574e-04
     0.00449    2.517554e+00    1.184995e+00    8.940580e-04
     0.00485    3.911435e+00    8.827421e-01    9.432592e-04
     0.00524    4.318725e+00    6.839422e-01    9.904995e-04
     0.00566    3.239488e+00    5.173221e-01    1.021428e-03
     0.00611    3.399162e+00    3.956631e-01    1.086092e-03
     0.00660    3.566515e+00    3.383886e-01    1.098905e-03
     0.00713    3.591103e+00    2.641620e-01    1.193953e-03
     0.00770    3.700224e+00    2.247172e-01    1.202912e-03
     0.00832    3.784298e+00    1.902817e-01    1.300774e-03
     0.00898    3.466337e+00    1.576267e-01    1.384638e-03
     0.00970    3.476072e+00    1.354103e-01    1.456008e-03
     0.01048    3.426741e+00    1.146679e-01    1.559656e-03
     0.01131    3.442494e+00    1.007312e-01    1.623440e-03
     0.01222    3.358417e+00    8.838648e-02    1.687176e-03
     0.01320    3.403729e+00    8.041557e-02    1.739281e-03
     0.01425    3.240103e+00    6.870432e-02    1.862952e-03
     0.01539    3.213576e+00    6.175678e-02    1.914376e-03
     0.01662    3.159897e+00    5.526387e-02    2.010031e-03
     0.01795    3.213603e+00    5.014709e-02    2.092042e-03
     0.01939    3.208495e+00    4.505752e-02    2.170794e-03
     0.02094    3.134524e+00    4.044948e-02    2.264225e-03
     0.02262    3.082488e+00    3.671004e-02    2.303300e-03
     0.02443    3.047792e+00    3.357394e-02    2.361281e-03
     0.02638    2.944755e+00    3.012343e-02    2.390637e-03
     0.02849    2.854797e+00    2.750845e-02    2.410364e-03
     0.03077    2.779294e+00    2.498238e-02    2.460929e-03
     0.03323    2.699189e+00    2.265027e-02    2.502366e-03
     0.03589    2.636758e+00    2.079459e-02    2.542736e-03
     0.03876    2.456443e+00    1.861422e-02    2.556149e-03
     0.04186    2.358381e+00    1.693033e-02    2.614785e-03
     0.04521    2.223643e+00    1.520314e-02    2.670892e-03
     0.04883    2.036264e+00    1.357500e-02    2.714377e-03
     0.05273    1.902377e+00    1.221252e-02    2.776628e-03
     0.05695    1.714851e+00    1.073534e-02    2.851295e-03
     0.06151    1.489924e+00    9.430855e-03    2.943469e-03
     0.06643    1.301093e+00    8.271295e-03    3.043826e-03
     0.07174    1.086629e+00    7.134245e-03    3.147700e-03
     0.07748    9.017885e-01    6.218759e-03    3.263967e-03
     0.08368    7.126939e-01    5.284270e-03    3.406182e-03
     0.09037    5.251751e-01    4.484151e-03    3.550533e-03
     0.09760    3.762298e-01    3.774118e-03    3.727523e-03
     0.10541    2.508577e-01    3.183348e-03    3.904400e-03
     0.11385    1.601758e-01    2.707461e-03    4.113131e-03
     0.12295    9.105684e-02    2.351457e-03    4.327889e-03
     0.13279    5.486095e-02    2.114018e-03    4.572419e-03
     0.14341    3.459815e-02    1.933383e-03    4.856684e-03
     0.15489    2.255435e-02    1.836885e-03    5.122716e-03
     0.16728    2.292345e-02    1.775007e-03    5.456887e-03
     0.18066    2.188425e-02    1.730864e-03    5.792824e-03
     0.19511    1.900506e-02    1.679816e-03    6.165941e-03
     0.21072    1.864731e-02    1.647080e-03    6.581905e-03
     0.22758    1.339845e-02    1.657132e-03    7.015662e-03
     0.24578    1.679127e-02    1.655547e-03    7.504436e-03
     0.26545    1.221807e-02    1.651495e-03    8.020950e-03
     0.28668    1.493206e-02    1.675461e-03    8.575996e-03
     0.30962    1.191710e-02    1.733031e-03    9.160041e-03
     0.33439    1.236471e-02    1.812022e-03    9.814142e-03
     0.36114    1.381829e-02    1.941747e-03    1.052562e-02
     0.39003    1.456298e-02    2.116824e-03    1.131814e-02
     0.42123    1.109669e-02    2.391589e-03    1.216229e-02
     0.45493    7.173603e-03    2.865455e-03    1.312819e-02
     0.49132    6.421058e-03    3.444861e-03    1.415933e-02
     0.53063    1.476617e-02    4.082955e-03    1.528622e-02
     0.57308    9.388439e-03    4.699233e-03    1.642676e-02
     0.61892    6.578005e-03    5.384059e-03    1.758300e-02
     0.66844   -3.193727e-03    6.920147e-03    1.885257e-02
     0.72191    1.592808e-02    1.121855e-02    2.023092e-02
     0.77484    2.756419e-02    2.458221e-02    1.953059e-02
