 ZOOM Wed 10-AUG-2022 15:29 Workspace: 
 {XB2190186_d4}_SANS
   69    0    0    0    1   69    0
         0         0         0         0
 3 (F12.5,2E16.6)
     0.00416    2.227946e+00    1.481590e+00    8.532562e-04
     0.00449    1.170886e+00    1.067046e+00    9.095055e-04
     0.00485    2.475387e+00    7.686503e-01    8.935528e-04
     0.00524    2.019584e+00    5.521562e-01    9.775128e-04
     0.00566    8.641432e-01    3.822214e-01    9.853303e-04
     0.00611    1.792423e+00    3.225005e-01    1.077642e-03
     0.00660    1.973449e+00    2.752930e-01    1.135354e-03
     0.00713    2.247353e+00    2.178226e-01    1.205525e-03
     0.00770    1.872879e+00    1.689745e-01    1.234656e-03
     0.00832    1.924351e+00    1.428112e-01    1.323951e-03
     0.00898    1.830917e+00    1.198586e-01    1.411211e-03
     0.00970    1.805306e+00    1.019297e-01    1.499066e-03
     0.01048    1.773768e+00    8.551420e-02    1.582188e-03
     0.01131    1.833562e+00    7.582126e-02    1.637525e-03
     0.01222    1.783942e+00    6.626235e-02    1.683956e-03
     0.01320    1.773242e+00    5.995228e-02    1.733420e-03
     0.01425    1.802820e+00    5.266586e-02    1.835765e-03
     0.01539    1.715329e+00    4.645396e-02    1.902945e-03
     0.01662    1.684057e+00    4.174737e-02    1.996455e-03
     0.01795    1.729957e+00    3.806481e-02    2.124203e-03
     0.01939    1.738511e+00    3.415118e-02    2.174321e-03
     0.02094    1.692516e+00    3.062806e-02    2.291179e-03
     0.02262    1.623929e+00    2.753985e-02    2.313223e-03
     0.02443    1.601709e+00    2.511739e-02    2.349328e-03
     0.02638    1.589702e+00    2.277406e-02    2.384603e-03
     0.02849    1.541548e+00    2.087024e-02    2.419353e-03
     0.03077    1.518224e+00    1.904693e-02    2.454966e-03
     0.03323    1.485614e+00    1.730687e-02    2.504555e-03
     0.03589    1.430360e+00    1.582032e-02    2.523249e-03
     0.03876    1.346914e+00    1.427864e-02    2.589693e-03
     0.04186    1.275198e+00    1.292611e-02    2.612205e-03
     0.04521    1.209785e+00    1.164850e-02    2.662124e-03
     0.04883    1.124381e+00    1.051687e-02    2.707461e-03
     0.05273    1.023357e+00    9.371624e-03    2.783776e-03
     0.05695    9.452622e-01    8.335287e-03    2.862965e-03
     0.06151    8.327690e-01    7.416723e-03    2.940121e-03
     0.06643    7.338856e-01    6.565585e-03    3.038245e-03
     0.07174    6.259987e-01    5.742657e-03    3.139821e-03
     0.07748    5.048464e-01    5.015502e-03    3.265864e-03
     0.08368    4.104405e-01    4.349111e-03    3.399906e-03
     0.09037    3.035544e-01    3.772482e-03    3.547751e-03
     0.09760    2.208028e-01    3.254226e-03    3.730321e-03
     0.10541    1.501422e-01    2.829079e-03    3.907653e-03
     0.11385    9.395132e-02    2.461922e-03    4.114482e-03
     0.12295    5.726838e-02    2.221172e-03    4.343606e-03
     0.13279    3.618089e-02    2.040401e-03    4.581732e-03
     0.14341    2.768189e-02    1.904588e-03    4.855443e-03
     0.15489    2.276116e-02    1.834896e-03    5.127984e-03
     0.16728    2.744769e-02    1.788448e-03    5.452327e-03
     0.18066    2.710723e-02    1.746518e-03    5.799186e-03
     0.19511    2.603680e-02    1.701704e-03    6.165839e-03
     0.21072    2.764000e-02    1.675837e-03    6.576492e-03
     0.22758    1.996800e-02    1.677797e-03    7.020318e-03
     0.24578    2.144520e-02    1.669863e-03    7.502580e-03
     0.26545    1.747891e-02    1.668219e-03    8.020528e-03
     0.28668    1.770439e-02    1.683545e-03    8.575095e-03
     0.30962    1.364395e-02    1.737522e-03    9.163155e-03
     0.33439    1.508580e-02    1.820755e-03    9.810727e-03
     0.36114    1.520867e-02    1.945460e-03    1.053180e-02
     0.39003    1.791765e-02    2.129897e-03    1.130475e-02
     0.42123    1.328093e-02    2.400363e-03    1.217439e-02
     0.45493    1.171416e-02    2.890311e-03    1.311795e-02
     0.49132    1.433528e-02    3.501844e-03    1.415972e-02
     0.53063    2.290669e-02    4.151569e-03    1.530057e-02
     0.57308    1.121986e-02    4.711449e-03    1.643611e-02
     0.61892    1.114566e-02    5.428535e-03    1.759588e-02
     0.66844    1.666575e-02    7.203346e-03    1.885205e-02
     0.72191    3.205124e-02    1.157992e-02    2.023659e-02
     0.77484    5.052987e-02    2.574679e-02    1.954497e-02
