0.00912009 0.522555 0.0598681
0.00929982 0.544444 0.0560097
0.00948308 0.660173 0.0578345
0.00966996 0.525644 0.0463161
0.00986052 0.450917 0.0400124
0.0100548 0.579711 0.0418712
0.010253 0.538232 0.0373447
0.010455 0.526242 0.0341696
0.0106611 0.53095 0.0320212
0.0108711 0.530056 0.0300785
0.0110854 0.486474 0.0268968
0.0113038 0.513914 0.0257681
0.0115266 0.510499 0.024457
0.0117537 0.5135 0.0231028
0.0119854 0.499573 0.0215714
0.0122215 0.488544 0.0202638
0.0124624 0.46692 0.0189257
0.012708 0.485652 0.0182977
0.0129584 0.486924 0.017502
0.0132138 0.477368 0.0165155
0.0134742 0.452501 0.015346
0.0137397 0.481049 0.0150839
0.0140105 0.449427 0.0139448
0.0142865 0.445815 0.0133127
0.0145681 0.43039 0.012455
0.0148552 0.449992 0.0122555
0.0151479 0.450503 0.0117495
0.0154464 0.41632 0.010748
0.0157508 0.433377 0.00968996
0.0160612 0.422684 0.00918133
0.0163777 0.429384 0.00882064
0.0167005 0.400939 0.00816141
0.0170296 0.398526 0.00777426
0.0173652 0.379051 0.00726407
0.0177074 0.388368 0.00706182
0.0180563 0.377641 0.00664454
0.0184121 0.378193 0.00638223
0.018775 0.369274 0.00603895
0.019145 0.364283 0.00574287
0.0195222 0.357423 0.00546507
0.0199069 0.337279 0.00509021
0.0202992 0.349202 0.00496409
0.0206993 0.332587 0.00464523
0.0211072 0.316765 0.00433713
0.0215231 0.308147 0.00411964
0.0219473 0.298017 0.00388726
0.0223798 0.283318 0.0036375
0.0228208 0.271356 0.00341772
0.0232705 0.257386 0.00320203
0.0237291 0.247372 0.00302255
0.0241967 0.236172 0.0028378
0.0246735 0.22112 0.00264544
0.0251597 0.199478 0.00241764
0.0256556 0.186754 0.00225899
0.0261611 0.173467 0.00210786
0.0266767 0.160015 0.00199111
0.0272024 0.141339 0.00180683
0.0277384 0.12658 0.00164993
0.0282851 0.109409 0.00147875
0.0288425 0.0962687 0.00133805
0.0294108 0.0838634 0.00120522
0.0299904 0.0708714 0.00101193
0.0305814 0.0589827 0.000887498
0.0311841 0.0485082 0.00077569
0.0317986 0.0389015 0.000670115
0.0324252 0.0300679 0.000569793
0.0330642 0.0230152 0.000482786
0.0337158 0.0167901 0.00039816
0.0343802 0.012061 0.00032542
0.0350577 0.00831882 0.000262488
0.0357486 0.00507502 0.000198716
0.0364531 0.00342153 0.000157352
0.0371714 0.00212576 0.000120178
0.0379039 0.00115306 8.5527e-05
0.0386509 0.00102997 7.83193e-05
0.0394125 0.00105587 7.60083e-05
0.0401892 0.00127917 8.07003e-05
0.0409812 0.00206489 9.92653e-05
0.0417888 0.00246326 0.000104642
0.0426123 0.00306226 0.000112937
0.043452 0.00357301 0.000117673
0.0443083 0.00445504 0.000127844
0.0451815 0.00460997 0.000126112
0.0460718 0.00490849 0.000126209
0.0469797 0.0049309 0.000122453
0.0479055 0.00499003 0.000119066
0.0488496 0.0050219 0.000116385
0.0498122 0.00464341 0.000108111
0.0507939 0.0046425 0.000106245
0.0517948 0.00405377 9.60945e-05
0.0528155 0.00366203 8.90338e-05
0.0538563 0.00311904 7.97432e-05
0.0549176 0.002763 7.30732e-05
0.0559998 0.00228607 6.48068e-05
0.0571034 0.00182381 5.66753e-05
0.0582287 0.00137506 4.7813e-05
0.0593762 0.00112607 4.2596e-05
0.0605463 0.000690092 3.25192e-05
0.0617394 0.000539426 2.81938e-05
0.0629561 0.000448918 2.51824e-05
0.0641967 0.000328734 2.1131e-05
0.0654618 0.000265209 1.86195e-05
0.0667518 0.00029992 1.92122e-05
0.0680673 0.000325881 1.96076e-05
0.0694086 0.000354869 2.00312e-05
0.0707764 0.000452025 2.20513e-05
0.0721711 0.000426439 2.07966e-05
0.0735934 0.000474563 2.13833e-05
0.0750436 0.00048446 2.10427e-05
0.0765225 0.000463104 2.007e-05
0.0780305 0.000391857 1.79203e-05
0.0795682 0.000342099 1.62021e-05
0.0811362 0.000291489 1.46782e-05
0.0827351 0.00024153 1.29445e-05
0.0843655 0.000219132 1.19847e-05
0.086028 0.000192839 1.10305e-05
0.0877233 0.000153468 9.58959e-06
0.089452 0.000147226 9.1443e-06
0.0912148 0.00013348 8.47524e-06
0.0930123 0.000154501 8.93067e-06
0.0948452 0.000126553 7.91043e-06
0.0967143 0.000124244 7.60594e-06
0.0986202 0.000118379 7.28937e-06
0.100564 0.000117824 7.12862e-06
0.102545 8.27122e-05 5.80872e-06
0.104566 8.18473e-05 5.68622e-06
0.106627 5.93058e-05 4.79608e-06
0.108728 5.7997e-05 4.68586e-06
0.110871 4.3468e-05 4.02021e-06
0.113056 3.96991e-05 3.84336e-06
0.115283 5.04445e-05 4.335e-06
0.117555 5.02528e-05 4.32877e-06
0.119872 6.04384e-05 4.7153e-06
0.122234 6.60909e-05 4.892e-06
0.124643 5.25731e-05 4.38078e-06
0.127099 5.30586e-05 4.39571e-06
0.129604 4.49813e-05 4.02782e-06
0.132158 3.26721e-05 3.37133e-06
0.134762 2.54093e-05 2.93356e-06
0.137418 2.18745e-05 2.67296e-06
0.140126 1.45692e-05 2.16796e-06
0.142887 2.44678e-05 2.75562e-06
0.145703 2.12153e-05 2.57718e-06
0.148574 2.85214e-05 2.95377e-06
0.151502 3.08331e-05 3.02276e-06
0.154488 3.31827e-05 3.10802e-06
0.157532 2.86187e-05 2.87201e-06
0.160636 1.90306e-05 2.3098e-06
0.163802 1.94054e-05 2.33455e-06
0.16703 1.61692e-05 2.12372e-06
0.170322 1.78213e-05 2.21955e-06
0.173678 1.71503e-05 2.16054e-06
0.177101 1.69814e-05 2.16429e-06
0.180591 1.73813e-05 2.19846e-06
0.184149 1.85224e-05 2.26305e-06
0.187778 1.75725e-05 2.20816e-06
0.191479 1.82244e-05 2.27741e-06
0.195252 1.56181e-05 2.1261e-06
0.1991 1.05906e-05 1.77025e-06
0.203023 1.28779e-05 1.99152e-06
0.207024 1.29417e-05 2.06333e-06
0.211104 1.35743e-05 2.20683e-06
0.215264 1.19552e-05 2.10614e-06
0.219506 1.19949e-05 2.19736e-06
0.223832 1.66226e-05 2.71842e-06
0.228243 1.60438e-05 2.80424e-06
0.23274 1.20285e-05 2.52825e-06
0.237327 1.09875e-05 2.50148e-06
0.242004 1.09981e-05 2.56784e-06
0.246773 1.15999e-05 2.73456e-06
0.251636 1.8374e-05 3.49663e-06
0.256595 8.27239e-06 2.48116e-06
0.261651 8.41134e-06 2.58828e-06
0.266807 4.75341e-06 2.08917e-06
0.272065 1.24203e-05 3.31592e-06
0.277427 1.24809e-05 3.52573e-06
0.282894 4.5347e-06 2.08171e-06
0.288468 8.34146e-06 2.92072e-06
0.294153 6.72683e-06 2.75789e-06
0.29995 9.93897e-06 3.41907e-06
0.305861 4.43978e-06 2.28451e-06
0.311888 7.1442e-06 2.992e-06
0.318034 1.04643e-05 3.76777e-06
0.324302 1.98274e-06 1.64297e-06
0.330692 9.08913e-06 3.60991e-06
0.33502 2.2577e-05 1.07883e-05
