0.00912009 0.630832 0.0749809
0.00929982 0.531571 0.0555932
0.00948308 0.585284 0.0545815
0.00966996 0.51782 0.0465824
0.00986052 0.59324 0.0461333
0.0100548 0.609374 0.0431646
0.010253 0.566009 0.038491
0.010455 0.63343 0.037766
0.0106611 0.546456 0.0328615
0.0108711 0.588079 0.0316053
0.0110854 0.51892 0.0279737
0.0113038 0.536933 0.0264902
0.0115266 0.595972 0.0266605
0.0117537 0.489729 0.022714
0.0119854 0.510332 0.0218931
0.0122216 0.512902 0.0208785
0.0124624 0.528833 0.0202802
0.012708 0.539712 0.0193907
0.0129584 0.514905 0.0181049
0.0132138 0.503255 0.0170603
0.0134742 0.495834 0.016115
0.0137397 0.511199 0.0156419
0.0140105 0.516495 0.0150559
0.0142866 0.516849 0.0144055
0.0145681 0.488407 0.0133571
0.0148552 0.465868 0.0125161
0.0151479 0.469913 0.0120647
0.0154464 0.442966 0.0111534
0.0157508 0.457803 0.0100261
0.0160612 0.441887 0.00944303
0.0163777 0.427373 0.00884803
0.0167005 0.428199 0.00848204
0.0170296 0.430766 0.00814458
0.0173652 0.431734 0.00781648
0.0177074 0.408376 0.00728059
0.0180563 0.404779 0.00693715
0.0184121 0.404521 0.00665127
0.018775 0.38983 0.00624854
0.019145 0.382351 0.00592967
0.0195222 0.378473 0.00566221
0.019907 0.360494 0.00531119
0.0202992 0.361236 0.0050804
0.0206993 0.35849 0.00486008
0.0211072 0.33452 0.00449412
0.0215231 0.327992 0.00428291
0.0219473 0.317989 0.00404741
0.0223798 0.309089 0.00382821
0.0228208 0.291532 0.00357051
0.0232705 0.27826 0.00335462
0.0237291 0.266481 0.00316199
0.0241967 0.250862 0.00294839
0.0246735 0.233288 0.00273796
0.0251598 0.218927 0.00255613
0.0256556 0.199163 0.0023496
0.0261611 0.18026 0.00216486
0.0266767 0.168685 0.00206423
0.0272024 0.152676 0.00189309
0.0277384 0.135851 0.00172331
0.0282851 0.120668 0.00156691
0.0288425 0.102196 0.00139128
0.0294108 0.0859729 0.00123006
0.0299904 0.0730817 0.00103383
0.0305814 0.0617575 0.00091505
0.0311841 0.0487343 0.000781542
0.0317986 0.0383899 0.000670278
0.0324252 0.0289542 0.000561758
0.0330642 0.0220099 0.000475126
0.0337158 0.0160424 0.000391605
0.0343802 0.0115268 0.000321017
0.0350577 0.00775811 0.000254508
0.0357486 0.005123 0.000200703
0.0364531 0.00333782 0.0001564
0.0371714 0.00223282 0.000123236
0.0379039 0.00186731 0.000109245
0.0386509 0.00189637 0.000106288
0.0394126 0.00227319 0.00011214
0.0401892 0.00263436 0.00011696
0.0409812 0.00334483 0.000126732
0.0417888 0.00408333 0.000136075
0.0426123 0.00467622 0.000140681
0.043452 0.00495572 0.000139923
0.0443083 0.00531152 0.000140404
0.0451815 0.00555091 0.000139129
0.0460718 0.00583626 0.000138199
0.0469798 0.00573464 0.000132654
0.0479056 0.00540164 0.000124501
0.0488496 0.00482381 0.000114159
0.0498123 0.00477875 0.000110021
0.0507939 0.00442432 0.00010412
0.0517948 0.00402829 9.61591e-05
0.0528155 0.00337455 8.57215e-05
0.0538563 0.00292293 7.71389e-05
0.0549176 0.00244955 6.87818e-05
0.0559999 0.00189432 5.89594e-05
0.0571034 0.00146938 5.09747e-05
0.0582287 0.00121503 4.51212e-05
0.0593762 0.000886384 3.76198e-05
0.0605463 0.000679272 3.23399e-05
0.0617394 0.000589027 2.95049e-05
0.0629561 0.000459476 2.55224e-05
0.0641967 0.000427262 2.39876e-05
0.0654618 0.000424218 2.36637e-05
0.0667518 0.000453495 2.38648e-05
0.0680673 0.000441263 2.30791e-05
0.0694086 0.000415397 2.15514e-05
0.0707764 0.000447404 2.20091e-05
0.0721712 0.000411423 2.04068e-05
0.0735934 0.000432763 2.03692e-05
0.0750437 0.000381956 1.86229e-05
0.0765225 0.000376637 1.80928e-05
0.0780305 0.000307629 1.58141e-05
0.0795682 0.000269266 1.44045e-05
0.0811362 0.0002731 1.41708e-05
0.0827351 0.000214282 1.22428e-05
0.0843655 0.000171248 1.06009e-05
0.086028 0.000169068 1.03052e-05
0.0877233 0.000157846 9.74093e-06
0.0894521 0.000161525 9.60165e-06
0.0912148 0.00015041 9.01255e-06
0.0930123 0.000150112 8.80557e-06
0.0948453 0.000134391 8.12226e-06
0.0967143 0.000135473 7.9641e-06
0.0986202 0.000107102 6.87242e-06
0.100564 8.57406e-05 6.08571e-06
0.102545 7.07078e-05 5.39224e-06
0.104566 5.57302e-05 4.69883e-06
0.106627 4.49887e-05 4.17602e-06
0.108728 3.83843e-05 3.83401e-06
0.110871 3.67406e-05 3.7472e-06
0.113056 3.81153e-05 3.75157e-06
0.115283 4.43212e-05 4.05352e-06
0.117555 5.00541e-05 4.29728e-06
0.119872 5.29714e-05 4.4251e-06
0.122234 5.4817e-05 4.47921e-06
0.124643 5.18042e-05 4.40205e-06
0.127099 4.36024e-05 3.97782e-06
0.129604 3.60271e-05 3.56959e-06
0.132158 2.31525e-05 2.8258e-06
0.134762 1.5196e-05 2.26023e-06
0.137418 1.40596e-05 2.12962e-06
0.140126 1.3817e-05 2.11195e-06
0.142887 1.38885e-05 2.07759e-06
0.145703 1.96964e-05 2.46066e-06
0.148574 2.52398e-05 2.75075e-06
0.151502 2.21322e-05 2.56174e-06
0.154488 2.26244e-05 2.55927e-06
0.157532 2.30466e-05 2.56339e-06
0.160637 1.60745e-05 2.09044e-06
0.163802 1.21496e-05 1.82325e-06
0.16703 9.34726e-06 1.5897e-06
0.170322 1.10732e-05 1.71239e-06
0.173678 7.89776e-06 1.45591e-06
0.177101 1.31977e-05 1.90308e-06
0.180591 1.44935e-05 1.99128e-06
0.184149 1.41894e-05 1.97354e-06
0.187778 1.34634e-05 1.9275e-06
0.191479 1.14637e-05 1.78707e-06
0.195252 1.23763e-05 1.86818e-06
0.1991 7.46905e-06 1.45516e-06
0.203023 6.81212e-06 1.4424e-06
0.207024 7.69438e-06 1.5838e-06
0.211104 1.11861e-05 1.99492e-06
0.215264 1.10551e-05 2.03471e-06
0.219506 7.24016e-06 1.70249e-06
0.223832 8.10408e-06 1.88326e-06
0.228243 7.32028e-06 1.86298e-06
0.232741 6.40467e-06 1.81296e-06
0.237327 1.09795e-05 2.44498e-06
0.242004 9.4248e-06 2.35079e-06
0.246773 1.05018e-05 2.60658e-06
0.251636 1.30069e-05 2.97609e-06
0.256595 6.77436e-06 2.25459e-06
0.261651 3.40971e-06 1.64958e-06
0.266807 4.74338e-06 1.94027e-06
0.272065 7.73074e-06 2.58251e-06
0.277427 5.93889e-06 2.3583e-06
0.282894 8.87178e-06 2.98599e-06
0.288469 5.77997e-06 2.42004e-06
0.294153 6.35713e-06 2.59685e-06
0.29995 4.95724e-06 2.37667e-06
0.305861 5.25803e-06 2.54037e-06
0.311888 4.50927e-06 2.393e-06
0.318035 1.04968e-05 3.74474e-06
0.324302 6.8906e-06 3.15233e-06
0.330693 3.60671e-06 2.24432e-06
0.33502 1.85653e-06 2.82069e-06
