#      z (A)        rho (1e-6/A2)       irho (1e-6/A2)
-10.00000000  -0.46200000   0.00000000
  0.00000000  -0.46200000   0.00000000
  0.00000000  -0.19561535   0.00000000
 13.31254600  -0.19561535   0.00000000
 13.31254600   5.71712163   0.00000000
 46.44757858   5.71712163   0.00000000
 46.44757858  12.62741668   0.00000000
236.64979711  12.62741668   0.00000000
236.64979711   3.47000000   0.00000000
256.52036850   3.47000000   0.00000000
256.52036850   2.07370574   0.00002376
266.52036850   2.07370574   0.00002376
