0.00916458 1.04104 0.0559682
0.00943548 0.941836 0.0417035
0.00971438 0.926349 0.036967
0.0100015 0.940039 0.0328287
0.0102972 0.980401 0.0302599
0.0106015 0.959615 0.0267255
0.0109149 0.891695 0.023334
0.0112375 0.896237 0.0212271
0.0115697 0.919179 0.0196294
0.0119117 0.940511 0.0181164
0.0122638 0.907223 0.016462
0.0126263 0.948595 0.0155085
0.0129995 0.939428 0.0143348
0.0133837 0.920864 0.0132079
0.0137794 0.919357 0.0122934
0.0141867 0.947368 0.0116814
0.014606 0.883227 0.0105415
0.0150377 0.701604 0.00878693
0.0154822 0.540249 0.00756347
0.0159399 0.48479 0.00629424
0.016411 0.447689 0.00562966
0.0168961 0.429881 0.00514254
0.0173955 0.407153 0.00467569
0.0179097 0.396774 0.00432087
0.0184391 0.377822 0.00393859
0.0189842 0.359817 0.00359152
0.0195453 0.347086 0.00331185
0.0201231 0.325794 0.00298771
0.0207179 0.313797 0.00274664
0.0213303 0.291304 0.00247781
0.0219608 0.272382 0.00224088
0.0226099 0.2568 0.00203242
0.0232782 0.23459 0.00181585
0.0239663 0.21699 0.00164275
0.0246747 0.193999 0.00145863
0.0254041 0.171421 0.0012912
0.026155 0.152678 0.00116894
0.0269281 0.131089 0.00106514
0.0277241 0.109946 0.000915615
0.0285435 0.0891175 0.000776006
0.0293873 0.0717219 0.000652072
0.0302559 0.0551554 0.000512829
0.0311502 0.0403173 0.000412018
0.032071 0.0274156 0.000320015
0.033019 0.0170744 0.000240462
0.033995 0.00964906 0.000171673
0.0349998 0.00482038 0.000115087
0.0360344 0.00199786 7.09329e-05
0.0370995 0.000805051 4.25401e-05
0.0381961 0.000788581 3.98845e-05
0.0393252 0.00170402 5.58613e-05
0.0404876 0.00292262 6.96854e-05
0.0416843 0.00435802 8.13179e-05
0.0429165 0.00544277 8.64553e-05
0.044185 0.00634685 8.89916e-05
0.0454911 0.0067026 8.73367e-05
0.0468358 0.00667521 8.3223e-05
0.0482202 0.0060917 7.5745e-05
0.0496455 0.00518343 6.66696e-05
0.051113 0.00447693 6.06234e-05
0.0526238 0.00327896 4.93726e-05
0.0541793 0.00224269 3.9062e-05
0.0557808 0.00142897 3.00559e-05
0.0574296 0.000807026 2.15931e-05
0.0591271 0.000476775 1.60437e-05
0.0608749 0.000354421 1.33782e-05
0.0626743 0.000405692 1.39035e-05
0.0645268 0.000557862 1.60074e-05
0.0664342 0.000741659 1.79323e-05
0.0683979 0.000854174 1.8675e-05
0.0704196 0.000870235 1.81939e-05
0.0725012 0.000777874 1.65001e-05
0.0746442 0.000630295 1.4182e-05
0.0768506 0.000445642 1.14155e-05
0.0791222 0.000308099 9.11809e-06
0.081461 0.000237164 7.68167e-06
0.0838689 0.00018832 6.56909e-06
0.0863479 0.000199603 6.50663e-06
0.0889003 0.000224782 6.67335e-06
0.0915281 0.000212071 6.23962e-06
0.0942335 0.000186024 5.64733e-06
0.0970189 0.00016265 5.09447e-06
0.0998867 0.000118262 4.20404e-06
0.102839 9.1954e-05 3.58262e-06
0.105879 7.70802e-05 3.21285e-06
0.109009 8.61281e-05 3.38908e-06
0.112231 9.32899e-05 3.47264e-06
0.115548 8.71466e-05 3.3299e-06
0.118964 7.25052e-05 3.01143e-06
0.12248 4.86925e-05 2.44674e-06
0.126101 3.42263e-05 2.06592e-06
0.129828 3.34902e-05 2.00399e-06
0.133665 3.59506e-05 2.04449e-06
0.137616 3.4797e-05 1.95275e-06
0.141684 3.71635e-05 1.9957e-06
0.145872 2.72535e-05 1.67967e-06
0.150184 2.14812e-05 1.47263e-06
0.154623 1.72852e-05 1.30357e-06
0.159194 2.02456e-05 1.3887e-06
0.163899 1.8482e-05 1.31906e-06
0.168744 1.69482e-05 1.24614e-06
0.173732 1.55722e-05 1.19235e-06
0.178867 1.30386e-05 1.10435e-06
0.184154 1.26789e-05 1.09103e-06
0.189598 1.58815e-05 1.22112e-06
0.195202 1.24758e-05 1.09384e-06
0.200972 1.11959e-05 1.05465e-06
0.206912 1.09455e-05 1.08958e-06
0.213029 1.18629e-05 1.21484e-06
0.219325 1.24366e-05 1.3075e-06
0.225808 1.09195e-05 1.31303e-06
0.232483 9.49447e-06 1.31985e-06
0.239355 1.33943e-05 1.60566e-06
0.24643 9.61552e-06 1.43891e-06
0.253714 1.01418e-05 1.54801e-06
0.261214 6.13978e-06 1.28425e-06
0.268935 1.06969e-05 1.75887e-06
0.276884 8.2471e-06 1.6245e-06
0.285069 7.75588e-06 1.66912e-06
0.293495 6.76403e-06 1.66782e-06
0.30217 1.01382e-05 2.05644e-06
0.311102 8.7357e-06 1.97638e-06
0.320298 8.86728e-06 2.08142e-06
0.330542 6.03643e-06 1.60725e-06
