0.00916439 1.05119 0.054403
0.0094349 0.994948 0.0429301
0.00971339 1.03708 0.0391536
0.0100001 0.995541 0.0340129
0.0102953 0.996046 0.0305697
0.0105992 0.957648 0.0267073
0.010912 0.972881 0.0243227
0.0112341 1.02514 0.0227785
0.0115657 1.00958 0.0206235
0.0119071 0.991839 0.0186426
0.0122585 0.946845 0.0168347
0.0126204 0.998738 0.0159537
0.0129929 0.98194 0.0146554
0.0133764 1.00717 0.013851
0.0137712 0.986495 0.0127501
0.0141777 0.987902 0.0119253
0.0145962 0.921777 0.0107645
0.015027 0.686539 0.00870631
0.0154706 0.548819 0.00766406
0.0159272 0.485338 0.00631329
0.0163974 0.466604 0.00579265
0.0168814 0.431046 0.00516449
0.0173797 0.411799 0.0047245
0.0178927 0.389696 0.00429077
0.0184208 0.37228 0.00392052
0.0189645 0.352866 0.0035602
0.0195243 0.347013 0.00332303
0.0201006 0.328927 0.00301445
0.0206939 0.305907 0.00271753
0.0213047 0.28772 0.00246912
0.0219336 0.270826 0.00224108
0.022581 0.248343 0.0020031
0.0232475 0.226936 0.00178758
0.0239337 0.209977 0.00161928
0.0246402 0.192187 0.00145607
0.0253675 0.166904 0.00127701
0.0261162 0.148184 0.0011516
0.0268871 0.124638 0.00103906
0.0276807 0.104814 0.000895399
0.0284978 0.083637 0.000752684
0.029339 0.0674711 0.000634194
0.030205 0.0506549 0.000491214
0.0310965 0.0368918 0.000394648
0.0320144 0.0249055 0.000305672
0.0329594 0.0155772 0.000230362
0.0339322 0.0088198 0.000164378
0.0349338 0.00429373 0.000109245
0.0359649 0.0015388 6.22703e-05
0.0370265 0.000616506 3.75596e-05
0.0381194 0.000546553 3.31882e-05
0.0392446 0.00134793 4.99421e-05
0.040403 0.0024254 6.37187e-05
0.0415956 0.0035899 7.38835e-05
0.0428233 0.00461389 7.96006e-05
0.0440874 0.00527329 8.11082e-05
0.0453887 0.00552078 7.902e-05
0.0467284 0.00566712 7.65802e-05
0.0481077 0.00534574 7.0958e-05
0.0495277 0.00462012 6.3014e-05
0.0509896 0.00385866 5.59654e-05
0.0524947 0.00284975 4.59243e-05
0.0540442 0.00202838 3.70624e-05
0.0556394 0.00131345 2.86614e-05
0.0572817 0.00075341 2.0856e-05
0.0589725 0.000430778 1.52372e-05
0.0607132 0.000298688 1.22622e-05
0.0625052 0.000362743 1.31089e-05
0.0643502 0.000457041 1.44527e-05
0.0662496 0.000614399 1.62853e-05
0.0682051 0.000650259 1.61751e-05
0.0702183 0.000696777 1.61846e-05
0.072291 0.000619792 1.46558e-05
0.0744248 0.000481691 1.23513e-05
0.0766216 0.000367459 1.03074e-05
0.0788832 0.000248712 8.17303e-06
0.0812116 0.000202912 7.08734e-06
0.0836087 0.000171635 6.23323e-06
0.0860766 0.000182715 6.20799e-06
0.0886173 0.000188538 6.07977e-06
0.0912331 0.000181129 5.75452e-06
0.093926 0.000157194 5.17317e-06
0.0966984 0.000120484 4.37069e-06
0.0995526 9.57168e-05 3.78549e-06
0.102491 7.58698e-05 3.24036e-06
0.105516 7.59309e-05 3.17088e-06
0.108631 7.83572e-05 3.20778e-06
0.111837 8.77393e-05 3.33405e-06
0.115138 7.84565e-05 3.12459e-06
0.118537 6.2646e-05 2.77912e-06
0.122036 3.94844e-05 2.18567e-06
0.125638 2.89061e-05 1.90045e-06
0.129346 2.63978e-05 1.77558e-06
0.133164 3.3427e-05 1.94968e-06
0.137095 3.38728e-05 1.92494e-06
0.141142 3.25047e-05 1.85055e-06
0.145308 2.44752e-05 1.58178e-06
0.149597 1.84353e-05 1.34093e-06
0.154012 1.68851e-05 1.26679e-06
0.158558 1.82434e-05 1.31428e-06
0.163239 1.51942e-05 1.18656e-06
0.168057 1.48783e-05 1.16596e-06
0.173017 1.2491e-05 1.06776e-06
0.178124 1.42705e-05 1.14998e-06
0.183382 1.45381e-05 1.15874e-06
0.188795 1.26561e-05 1.07932e-06
0.194368 1.05788e-05 9.99835e-07
0.200105 1.2012e-05 1.07523e-06
0.206011 1.14937e-05 1.11026e-06
0.212092 1.23324e-05 1.21103e-06
0.218352 1.40313e-05 1.36411e-06
0.224798 1.13773e-05 1.30003e-06
0.231433 1.00269e-05 1.3124e-06
0.238264 1.09327e-05 1.44002e-06
0.245297 9.63642e-06 1.40497e-06
0.252537 1.08959e-05 1.58785e-06
0.259991 8.70281e-06 1.48212e-06
0.267666 6.60877e-06 1.35602e-06
0.275566 7.12693e-06 1.46125e-06
0.2837 8.92107e-06 1.73437e-06
0.292074 9.35116e-06 1.87611e-06
0.300695 5.66369e-06 1.50917e-06
0.309571 5.37754e-06 1.48403e-06
0.318709 4.4656e-06 1.45651e-06
0.328116 4.67965e-06 1.52807e-06
0.334505 3.18065e-06 2.16646e-06
