0.00912009 1.03125 0.108664
0.00929981 1.03933 0.0798215
0.00948307 1.05469 0.0742403
0.00966994 0.873844 0.0612487
0.0098605 0.926541 0.0588349
0.0100548 0.937862 0.0541593
0.0102529 0.934275 0.0499732
0.010455 0.940999 0.0465542
0.010661 0.927918 0.0430376
0.0108711 0.918099 0.0398343
0.0110853 0.952027 0.0383664
0.0113038 0.967775 0.0360815
0.0115265 0.991821 0.0346161
0.0117537 0.919183 0.0315777
0.0119853 0.961045 0.0304662
0.0122215 0.930735 0.0285879
0.0124623 0.966582 0.027739
0.0127079 0.962167 0.0262144
0.0129583 0.934457 0.0246608
0.0132136 0.978048 0.0240519
0.013474 0.945391 0.0225114
0.0137395 0.947005 0.0214785
0.0140103 0.921318 0.0202802
0.0142864 0.892875 0.0191145
0.0145679 0.754611 0.0167393
0.014855 0.60328 0.0143527
0.0151477 0.505322 0.0125587
0.0154462 0.488065 0.0117248
0.0157506 0.449851 0.0099669
0.016061 0.436109 0.00940009
0.0163775 0.409481 0.00868686
0.0167002 0.422695 0.00846929
0.0170293 0.404421 0.00791484
0.0173649 0.385217 0.00739963
0.0177071 0.37393 0.00698619
0.018056 0.359458 0.0065397
0.0184118 0.351846 0.00620118
0.0187746 0.35032 0.00593492
0.0191446 0.333076 0.0055307
0.0195218 0.326551 0.0052582
0.0199065 0.31764 0.00498851
0.0202988 0.304685 0.00466586
0.0206988 0.29351 0.00439351
0.0211067 0.287377 0.0041664
0.0215226 0.277089 0.00393347
0.0219468 0.265306 0.00369748
0.0223792 0.249748 0.00343831
0.0228202 0.238899 0.00322688
0.0232699 0.225506 0.00301886
0.0237285 0.215095 0.00283951
0.0241961 0.20019 0.00263283
0.0246729 0.19694 0.00251489
0.0251591 0.179065 0.00231167
0.0256549 0.167186 0.00215155
0.0261604 0.149171 0.00196638
0.0266759 0.137461 0.00185367
0.0272016 0.124336 0.00170098
0.0277376 0.111909 0.00155826
0.0282842 0.100704 0.00142874
0.0288416 0.0893164 0.00129804
0.0294099 0.0782549 0.00117103
0.0299895 0.0696377 0.00101112
0.0305805 0.0597433 0.000901155
0.0311831 0.0489812 0.000786015
0.0317976 0.0418097 0.000699798
0.0324242 0.0340795 0.000612204
0.0330631 0.0260065 0.000518351
0.0337146 0.0207742 0.000446906
0.034379 0.0158619 0.000378288
0.0350565 0.0120632 0.000319815
0.0357473 0.00790376 0.00025063
0.0364517 0.00522078 0.000196798
0.03717 0.00341786 0.000152882
0.0379025 0.00177513 0.000107455
0.0386494 0.000826473 7.10308e-05
0.039411 0.00037162 5.41202e-05
0.0401877 0.000147624 2.78731e-05
0.0409796 0.000271274 3.85228e-05
0.0417871 0.000552853 4.98115e-05
0.0426106 0.000917593 6.17826e-05
0.0434503 0.00150646 7.71534e-05
0.0443065 0.00204913 8.72143e-05
0.0451796 0.00267829 9.62953e-05
0.0460699 0.00334677 0.00010433
0.0469777 0.003635 0.000105665
0.0479035 0.00408287 0.000108507
0.0488475 0.00438186 0.000109268
0.04981 0.0043898 0.000105993
0.0507916 0.00428236 0.000102349
0.0517925 0.00425764 9.94673e-05
0.0528131 0.00418891 9.60522e-05
0.0538538 0.00361545 8.65002e-05
0.0549151 0.00318896 7.9344e-05
0.0559972 0.00276159 7.20563e-05
0.0571007 0.00243751 6.62042e-05
0.0582259 0.00195922 5.76022e-05
0.0593733 0.00144694 4.87206e-05
0.0605433 0.00103496 4.01663e-05
0.0617364 0.000762679 3.36399e-05
0.0629529 0.000508121 2.70695e-05
0.0641935 0.000287705 2.00452e-05
0.0654584 0.000187086 1.60183e-05
0.0667484 0.000132918 1.3012e-05
0.0680637 0.000117524 1.19024e-05
0.069405 0.000146942 1.28249e-05
0.0707726 0.000233879 1.59043e-05
0.0721673 0.000296377 1.73663e-05
0.0735894 0.000374191 1.91596e-05
0.0750395 0.000434044 2.00744e-05
0.0765183 0.000448486 1.98583e-05
0.0780261 0.000448524 1.92249e-05
0.0795637 0.000449038 1.88174e-05
0.0811316 0.000467092 1.87312e-05
0.0827303 0.000414178 1.72043e-05
0.0843606 0.00031879 1.46322e-05
0.086023 0.000260873 1.29776e-05
0.0877181 0.000195068 1.08761e-05
0.0894467 0.000156901 9.52866e-06
0.0912093 0.000103794 7.54318e-06
0.0930067 8.92967e-05 6.81467e-06
0.0948395 8.35912e-05 6.43703e-06
0.0967084 7.88793e-05 6.05132e-06
0.0986141 7.78183e-05 5.94988e-06
0.100557 9.66471e-05 6.49456e-06
0.102539 9.89578e-05 6.47846e-06
0.10456 0.00010054 6.41862e-06
0.10662 0.000103021 6.39524e-06
0.108721 7.91373e-05 5.58396e-06
0.110863 6.75967e-05 5.10132e-06
0.113048 6.33721e-05 4.89187e-06
0.115276 5.49937e-05 4.62931e-06
0.117547 3.99652e-05 3.91981e-06
0.119864 4.1122e-05 3.8927e-06
0.122226 3.78271e-05 3.7121e-06
0.124634 5.03265e-05 4.35494e-06
0.12709 4.79182e-05 4.17966e-06
0.129595 5.15156e-05 4.26587e-06
0.132149 4.32395e-05 3.85383e-06
0.134753 3.76773e-05 3.60717e-06
0.137408 2.99323e-05 3.18978e-06
0.140116 2.54016e-05 2.85736e-06
0.142877 2.03642e-05 2.51296e-06
0.145693 2.31968e-05 2.65543e-06
0.148564 2.05508e-05 2.50444e-06
0.151491 2.59278e-05 2.77914e-06
0.154476 2.61535e-05 2.78649e-06
0.15752 2.42307e-05 2.64293e-06
0.160625 2.02228e-05 2.41366e-06
0.16379 2.05795e-05 2.41987e-06
0.167017 1.36913e-05 1.96445e-06
0.170309 1.79558e-05 2.24585e-06
0.173665 1.75152e-05 2.20418e-06
0.177087 1.25603e-05 1.8696e-06
0.180577 1.4281e-05 2.01157e-06
0.184135 1.88326e-05 2.27209e-06
0.187764 1.87376e-05 2.29053e-06
0.191464 1.39848e-05 2.01045e-06
0.195237 1.1138e-05 1.79891e-06
0.199084 1.19506e-05 1.8974e-06
0.203007 1.07147e-05 1.8202e-06
0.207007 1.12529e-05 1.9521e-06
0.211087 1.41387e-05 2.23448e-06
0.215246 9.16352e-06 1.87672e-06
0.219488 1.39018e-05 2.41566e-06
0.223813 9.62019e-06 2.05727e-06
0.228223 1.04694e-05 2.26866e-06
0.232721 7.68311e-06 2.01272e-06
0.237307 7.56889e-06 2.04303e-06
0.241983 7.82283e-06 2.14623e-06
0.246752 8.28541e-06 2.33142e-06
0.251614 9.13169e-06 2.53485e-06
0.256572 8.56049e-06 2.53067e-06
0.261628 6.8109e-06 2.33099e-06
0.266784 7.94275e-06 2.66285e-06
0.272041 5.78296e-06 2.27766e-06
0.277402 5.41403e-06 2.30375e-06
0.282868 6.19967e-06 2.45387e-06
0.288443 6.13189e-06 2.61886e-06
0.294127 6.70857e-06 2.75944e-06
0.299923 4.42616e-06 2.23771e-06
0.305833 5.12755e-06 2.46282e-06
0.31186 1.06077e-05 3.7772e-06
0.318005 9.4263e-06 3.60106e-06
0.324272 7.72484e-06 3.296e-06
0.330662 2.89795e-06 2.07112e-06
0.335005 1.94255e-05 1.05389e-05
